9.398796558380126953e-01
9.319468736648559570e-01
9.497445821762084961e-01
9.117984175682067871e-01
9.186177849769592285e-01
9.160749912261962891e-01
9.626781344413757324e-01
9.249159097671508789e-01
9.268012642860412598e-01
9.159500598907470703e-01
9.357842206954956055e-01
9.223406314849853516e-01
9.382115006446838379e-01
9.766459465026855469e-01
9.578942060470581055e-01
9.487711787223815918e-01
9.413006305694580078e-01
9.523261785507202148e-01
9.212092161178588867e-01
9.167238473892211914e-01
9.419380426406860352e-01
9.305684566497802734e-01
9.257568120956420898e-01
9.416905641555786133e-01
9.181116223335266113e-01
9.359080791473388672e-01
9.474428892135620117e-01
9.316945075988769531e-01
9.365110397338867188e-01
9.420269727706909180e-01
9.427877068519592285e-01
9.077273607254028320e-01
9.311566948890686035e-01
9.402587413787841797e-01
9.535287618637084961e-01
9.464665651321411133e-01
9.562348723411560059e-01
9.486081600189208984e-01
9.431962966918945312e-01
9.434167146682739258e-01
9.408898949623107910e-01
9.143815040588378906e-01
8.834257721900939941e-01
9.131730794906616211e-01
9.000980854034423828e-01
9.612757563591003418e-01
9.329890608787536621e-01
9.555439949035644531e-01
9.287515878677368164e-01
9.499737620353698730e-01
9.461137056350708008e-01
9.333511590957641602e-01
9.472900032997131348e-01
9.408180713653564453e-01
9.443795084953308105e-01
9.475089311599731445e-01
9.625674486160278320e-01
9.337773919105529785e-01
9.573185443878173828e-01
9.527646303176879883e-01
9.024926424026489258e-01
9.485852718353271484e-01
9.301971197128295898e-01
9.137344360351562500e-01
9.766758680343627930e-01
9.278936982154846191e-01
8.896491527557373047e-01
9.412616491317749023e-01
9.107461571693420410e-01
9.641143083572387695e-01
9.241319894790649414e-01
9.196280837059020996e-01
9.458354711532592773e-01
9.223878383636474609e-01
9.448295831680297852e-01
9.320023059844970703e-01
9.094201922416687012e-01
9.438964724540710449e-01
9.313458204269409180e-01
9.364891052246093750e-01
9.542089104652404785e-01
9.360562562942504883e-01
9.127173423767089844e-01
9.051997661590576172e-01
9.339789748191833496e-01
9.402870535850524902e-01
9.499566555023193359e-01
9.348752498626708984e-01
9.455988407135009766e-01
9.577908515930175781e-01
9.561365842819213867e-01
9.073643684387207031e-01
9.330329895019531250e-01
9.465692043304443359e-01
9.391087293624877930e-01
9.518147110939025879e-01
9.331493377685546875e-01
9.362038373947143555e-01
9.649203419685363770e-01
9.487186670303344727e-01
9.663919210433959961e-01
9.390640258789062500e-01
9.568808078765869141e-01
9.240852594375610352e-01
9.188441634178161621e-01
9.313050508499145508e-01
9.466388225555419922e-01
9.217078685760498047e-01
9.189569354057312012e-01
9.465348124504089355e-01
9.604368805885314941e-01
9.130145311355590820e-01
9.480879306793212891e-01
9.147006273269653320e-01
9.430170059204101562e-01
9.724835157394409180e-01
9.249333739280700684e-01
9.242237806320190430e-01
9.407893419265747070e-01
9.376466274261474609e-01
9.337462186813354492e-01
9.552820324897766113e-01
9.117097854614257812e-01
9.249194860458374023e-01
9.192926883697509766e-01
9.169507026672363281e-01
9.626843929290771484e-01
9.007552862167358398e-01
9.396439790725708008e-01
9.114822149276733398e-01
9.384222030639648438e-01
9.539440870285034180e-01
9.567619562149047852e-01
9.306992888450622559e-01
8.994206190109252930e-01
9.314819574356079102e-01
9.398626089096069336e-01
9.533537030220031738e-01
9.444361925125122070e-01
9.297200441360473633e-01
9.320548176765441895e-01
8.939247727394104004e-01
9.489009976387023926e-01
9.120453000068664551e-01
9.001123309135437012e-01
9.485914707183837891e-01
9.281404018402099609e-01
9.165406227111816406e-01
9.307116270065307617e-01
8.889819383621215820e-01
9.340485334396362305e-01
9.472157359123229980e-01
9.553334712982177734e-01
9.596308469772338867e-01
9.537817239761352539e-01
9.397343993186950684e-01
9.633778929710388184e-01
8.947183489799499512e-01
9.233038425445556641e-01
9.627252221107482910e-01
9.117512106895446777e-01
9.221379160881042480e-01
9.143221378326416016e-01
9.109196662902832031e-01
9.198426008224487305e-01
9.310441017150878906e-01
9.396900534629821777e-01
9.486906528472900391e-01
9.453121423721313477e-01
8.781394362449645996e-01
9.469692111015319824e-01
9.497430920600891113e-01
9.277356266975402832e-01
9.240588545799255371e-01
9.081667661666870117e-01
9.373198151588439941e-01
9.404059648513793945e-01
8.993055820465087891e-01
9.490229487419128418e-01
9.296603202819824219e-01
9.031922221183776855e-01
9.096673727035522461e-01
9.226676225662231445e-01
9.449615478515625000e-01
9.361689090728759766e-01
9.533156156539916992e-01
9.219729900360107422e-01
9.242407083511352539e-01
9.315243959426879883e-01
9.541857242584228516e-01
9.218836426734924316e-01
9.415647983551025391e-01
9.400146603584289551e-01
9.588866829872131348e-01
9.353309869766235352e-01
9.498954415321350098e-01
9.327403306961059570e-01
9.489805698394775391e-01
9.411065578460693359e-01
9.683285951614379883e-01
9.480013847351074219e-01
9.231750965118408203e-01
9.333025217056274414e-01
9.284915924072265625e-01
9.352313280105590820e-01
9.439927935600280762e-01
9.255069494247436523e-01
9.341543912887573242e-01
9.393795728683471680e-01
9.218627214431762695e-01
9.323076009750366211e-01
9.330768585205078125e-01
9.461154937744140625e-01
8.998861312866210938e-01
9.441230297088623047e-01
9.512972831726074219e-01
9.392251968383789062e-01
9.012203216552734375e-01
9.442198276519775391e-01
9.348495602607727051e-01
9.237388372421264648e-01
9.234133958816528320e-01
9.453040361404418945e-01
9.366829991340637207e-01
9.241296648979187012e-01
9.116728305816650391e-01
9.353190660476684570e-01
9.421687722206115723e-01
9.162616729736328125e-01
9.226799607276916504e-01
9.369819164276123047e-01
9.037954807281494141e-01
9.369330406188964844e-01
9.543944597244262695e-01
9.499942064285278320e-01
9.332162141799926758e-01
9.367361068725585938e-01
9.229809045791625977e-01
9.398307800292968750e-01
9.454664587974548340e-01
9.113951325416564941e-01
9.644757509231567383e-01
9.208835363388061523e-01
9.447987675666809082e-01
8.774797916412353516e-01
9.365777373313903809e-01
9.037190079689025879e-01
9.500459432601928711e-01
9.292304515838623047e-01
9.033486843109130859e-01
9.629704952239990234e-01
9.062189459800720215e-01
9.460260868072509766e-01
9.270825982093811035e-01
9.519062638282775879e-01
9.287018179893493652e-01
9.246640801429748535e-01
9.270056486129760742e-01
9.374226331710815430e-01
9.729560613632202148e-01
9.585564136505126953e-01
9.079024195671081543e-01
9.198594689369201660e-01
9.493918418884277344e-01
9.200553894042968750e-01
9.443489313125610352e-01
9.284814000129699707e-01
9.468798041343688965e-01
9.607964158058166504e-01
9.449698925018310547e-01
9.515278935432434082e-01
9.489183425903320312e-01
9.354987144470214844e-01
9.484054446220397949e-01
9.137562513351440430e-01
9.476282000541687012e-01
9.551491141319274902e-01
9.268983006477355957e-01
9.350970387458801270e-01
9.646797776222229004e-01
8.982788324356079102e-01
9.357445240020751953e-01
9.369574189186096191e-01
9.336007237434387207e-01
9.586401581764221191e-01
9.586407542228698730e-01
9.297010898590087891e-01
9.410679340362548828e-01
9.638232588768005371e-01
9.233945608139038086e-01
9.437991380691528320e-01
9.308398365974426270e-01
9.496482610702514648e-01
9.378570914268493652e-01
9.338915348052978516e-01
9.402340650558471680e-01
9.241820573806762695e-01
9.160600900650024414e-01
9.653989076614379883e-01
9.284323453903198242e-01
8.979142308235168457e-01
9.376953840255737305e-01
9.432339668273925781e-01
9.207273721694946289e-01
9.440395832061767578e-01
8.816592097282409668e-01
9.663681387901306152e-01
9.016896486282348633e-01
9.410858750343322754e-01
9.389200210571289062e-01
9.191125631332397461e-01
9.492225646972656250e-01
9.502932429313659668e-01
9.233262538909912109e-01
9.212061166763305664e-01
9.540057182312011719e-01
9.140367507934570312e-01
9.325718879699707031e-01
9.355074167251586914e-01
9.085127115249633789e-01
9.628777503967285156e-01
9.493101835250854492e-01
9.450792670249938965e-01
9.184668064117431641e-01
9.337727427482604980e-01
9.552447795867919922e-01
9.391999244689941406e-01
9.090365171432495117e-01
9.501535892486572266e-01
9.370729923248291016e-01
9.389965534210205078e-01
9.371618032455444336e-01
9.318253993988037109e-01
9.481635093688964844e-01
9.559528827667236328e-01
9.458205103874206543e-01
9.517077207565307617e-01
9.437850713729858398e-01
9.441642761230468750e-01
8.902959823608398438e-01
9.528404474258422852e-01
9.262880086898803711e-01
9.425262212753295898e-01
9.377210140228271484e-01
9.520410895347595215e-01
9.454153180122375488e-01
9.567171931266784668e-01
9.222997426986694336e-01
9.493041038513183594e-01
9.240385890007019043e-01
9.413056969642639160e-01
9.587720036506652832e-01
9.728169441223144531e-01
9.152686595916748047e-01
9.030004739761352539e-01
9.176810979843139648e-01
9.421703815460205078e-01
9.364611506462097168e-01
9.696297049522399902e-01
9.447431564331054688e-01
9.233011007308959961e-01
9.730820655822753906e-01
9.252315759658813477e-01
9.382858276367187500e-01
9.078625440597534180e-01
8.913444280624389648e-01
9.046010971069335938e-01
9.493677616119384766e-01
9.178061485290527344e-01
9.595382213592529297e-01
9.284723997116088867e-01
9.498621821403503418e-01
9.426286220550537109e-01
9.692610502243041992e-01
9.506109356880187988e-01
9.413532018661499023e-01
9.291709661483764648e-01
9.271069169044494629e-01
9.399735927581787109e-01
9.025262594223022461e-01
9.407674074172973633e-01
9.629360437393188477e-01
8.835889697074890137e-01
9.484194517135620117e-01
9.207016229629516602e-01
9.525332450866699219e-01
9.630807638168334961e-01
9.057708978652954102e-01
9.298942089080810547e-01
9.318815469741821289e-01
9.576026201248168945e-01
9.589415788650512695e-01
9.360224604606628418e-01
8.937827348709106445e-01
9.610543251037597656e-01
9.112356901168823242e-01
9.640555381774902344e-01
9.262481331825256348e-01
9.254555106163024902e-01
9.472886919975280762e-01
9.137839078903198242e-01
9.415894746780395508e-01
9.015537500381469727e-01
9.695522189140319824e-01
9.237302541732788086e-01
9.365385770797729492e-01
9.587554335594177246e-01
9.758581519126892090e-01
9.299434423446655273e-01
9.133995175361633301e-01
9.341315031051635742e-01
9.451529979705810547e-01
9.402524232864379883e-01
9.279922842979431152e-01
9.727884531021118164e-01
9.116501808166503906e-01
9.450778365135192871e-01
9.569104909896850586e-01
9.176719188690185547e-01
9.258000254631042480e-01
9.116302132606506348e-01
9.380196332931518555e-01
9.260086417198181152e-01
9.669653177261352539e-01
9.336934685707092285e-01
9.385910630226135254e-01
9.536045789718627930e-01
9.542846679687500000e-01
9.118125438690185547e-01
9.054948091506958008e-01
9.477484226226806641e-01
9.083220362663269043e-01
9.392074346542358398e-01
9.651710987091064453e-01
9.230208992958068848e-01
9.662104249000549316e-01
9.356599450111389160e-01
9.258165955543518066e-01
9.401363730430603027e-01
9.394515752792358398e-01
9.326646327972412109e-01
9.118993282318115234e-01
9.532864093780517578e-01
9.275422096252441406e-01
9.600815773010253906e-01
9.307628870010375977e-01
9.415565729141235352e-01
9.072871804237365723e-01
9.035274982452392578e-01
9.389362335205078125e-01
9.073406457901000977e-01
9.563668966293334961e-01
9.340311884880065918e-01
9.184367656707763672e-01
9.085440635681152344e-01
9.340060353279113770e-01
9.526987075805664062e-01
9.332343339920043945e-01
9.360347390174865723e-01
9.294433593750000000e-01
9.197410345077514648e-01
9.281368255615234375e-01
9.459355473518371582e-01
9.257037639617919922e-01
9.489477276802062988e-01
9.251117706298828125e-01
9.584577083587646484e-01
9.234374761581420898e-01
9.090490341186523438e-01
9.345411062240600586e-01
9.300799369812011719e-01
9.054590463638305664e-01
9.597569108009338379e-01
9.333052635192871094e-01
8.843218684196472168e-01
9.221253395080566406e-01
9.271785020828247070e-01
9.474314451217651367e-01
9.172092080116271973e-01
9.519802331924438477e-01
9.421620368957519531e-01
9.537370204925537109e-01
9.395213127136230469e-01
8.974198102951049805e-01
9.539604783058166504e-01
9.359852075576782227e-01
9.282395839691162109e-01
9.366257786750793457e-01
9.627871513366699219e-01
9.315433502197265625e-01
9.472346305847167969e-01
9.060496687889099121e-01
9.373472929000854492e-01
9.277725219726562500e-01
9.377799630165100098e-01
9.672850370407104492e-01
9.237889051437377930e-01
9.443291425704956055e-01
9.303220510482788086e-01
9.388213157653808594e-01
9.561033248901367188e-01
9.355173110961914062e-01
9.196637868881225586e-01
9.266842603683471680e-01
9.118121862411499023e-01
9.462143182754516602e-01
9.208948612213134766e-01
9.571505784988403320e-01
9.052198529243469238e-01
8.927984237670898438e-01
9.514888525009155273e-01
9.205403327941894531e-01
9.510498046875000000e-01
9.421799182891845703e-01
9.195312261581420898e-01
9.267898797988891602e-01
9.428467154502868652e-01
9.479027986526489258e-01
9.363983869552612305e-01
8.982859849929809570e-01
9.486052393913269043e-01
9.250862598419189453e-01
9.239141345024108887e-01
9.281023740768432617e-01
9.413450956344604492e-01
9.426751136779785156e-01
9.345817565917968750e-01
9.631330966949462891e-01
9.577880501747131348e-01
9.432601928710937500e-01
9.259136915206909180e-01
9.389733076095581055e-01
9.340434074401855469e-01
9.295901060104370117e-01
9.394036531448364258e-01
9.269915819168090820e-01
9.419810175895690918e-01
9.023590683937072754e-01
9.361426234245300293e-01
9.268178939819335938e-01
9.516826868057250977e-01
9.480253458023071289e-01
9.530264139175415039e-01
9.285942316055297852e-01
9.285809993743896484e-01
9.352678060531616211e-01
8.959172964096069336e-01
9.558782577514648438e-01
9.104782342910766602e-01
9.590040445327758789e-01
9.358665347099304199e-01
9.632937908172607422e-01
9.461693763732910156e-01
9.412021636962890625e-01
9.499164223670959473e-01
9.171766042709350586e-01
8.860514163970947266e-01
9.117013216018676758e-01
9.183483123779296875e-01
9.113099575042724609e-01
9.098290205001831055e-01
9.272099733352661133e-01
9.308303594589233398e-01
9.537973999977111816e-01
9.206496477127075195e-01
9.485241770744323730e-01
9.275386333465576172e-01
9.528864026069641113e-01
9.445642232894897461e-01
9.270803928375244141e-01
9.326975345611572266e-01
9.300959110260009766e-01
9.109038114547729492e-01
9.452328681945800781e-01
9.205125570297241211e-01
9.137040376663208008e-01
9.305737018585205078e-01
9.032707810401916504e-01
9.373725056648254395e-01
8.882397413253784180e-01
9.149842262268066406e-01
9.316573143005371094e-01
9.236145615577697754e-01
8.944913744926452637e-01
9.276198148727416992e-01
9.056414365768432617e-01
9.421551823616027832e-01
9.145138263702392578e-01
9.328020811080932617e-01
9.261853694915771484e-01
9.553348422050476074e-01
9.130792617797851562e-01
9.425437450408935547e-01
9.538949728012084961e-01
9.668465256690979004e-01
9.356905817985534668e-01
9.407331943511962891e-01
9.379107952117919922e-01
9.361025094985961914e-01
9.187600016593933105e-01
9.349206686019897461e-01
9.424467086791992188e-01
9.253395795822143555e-01
8.998264074325561523e-01
9.310095906257629395e-01
8.888683319091796875e-01
9.350172281265258789e-01
9.389294385910034180e-01
9.499889612197875977e-01
9.301682114601135254e-01
8.961146473884582520e-01
9.286875128746032715e-01
9.318817853927612305e-01
9.478741884231567383e-01
9.385030269622802734e-01
9.196907281875610352e-01
9.212413430213928223e-01
9.373391866683959961e-01
9.326679706573486328e-01
9.116761088371276855e-01
9.716355800628662109e-01
8.973358273506164551e-01
9.414920806884765625e-01
9.335004091262817383e-01
9.507510662078857422e-01
9.607644677162170410e-01
9.386014342308044434e-01
9.376978278160095215e-01
9.272421598434448242e-01
9.449434876441955566e-01
9.303212165832519531e-01
9.461913704872131348e-01
9.365269541740417480e-01
9.473348855972290039e-01
9.558839797973632812e-01
9.347114562988281250e-01
9.133762121200561523e-01
9.174882769584655762e-01
9.423038363456726074e-01
9.006865024566650391e-01
9.069481492042541504e-01
9.513175487518310547e-01
9.208414554595947266e-01
9.375596046447753906e-01
9.467417597770690918e-01
9.400703907012939453e-01
9.323517084121704102e-01
9.730708599090576172e-01
9.594945907592773438e-01
9.122603535652160645e-01
9.343802332878112793e-01
9.225075244903564453e-01
9.348995685577392578e-01
8.923119306564331055e-01
9.342724084854125977e-01
9.065889120101928711e-01
9.437769055366516113e-01
9.466837048530578613e-01
9.520095586776733398e-01
9.422549605369567871e-01
9.348821043968200684e-01
9.190798997879028320e-01
9.382101297378540039e-01
9.466834068298339844e-01
9.594972133636474609e-01
9.400264024734497070e-01
9.369749426841735840e-01
9.062806367874145508e-01
9.339895844459533691e-01
9.487323760986328125e-01
9.520202875137329102e-01
9.500895738601684570e-01
9.347876906394958496e-01
9.491918683052062988e-01
9.301044344902038574e-01
9.125484228134155273e-01
9.399522542953491211e-01
9.008196592330932617e-01
9.385193586349487305e-01
9.550767540931701660e-01
9.315292239189147949e-01
9.259514808654785156e-01
9.395065307617187500e-01
9.393669962882995605e-01
9.181786775588989258e-01
9.132866859436035156e-01
9.402116537094116211e-01
9.400213956832885742e-01
9.191107153892517090e-01
9.117276072502136230e-01
9.475529789924621582e-01
9.397764205932617188e-01
9.568235874176025391e-01
9.628912210464477539e-01
9.541300535202026367e-01
9.260916113853454590e-01
9.489587545394897461e-01
9.560025930404663086e-01
9.046909809112548828e-01
9.293907880783081055e-01
9.475206732749938965e-01
9.255628585815429688e-01
9.282935857772827148e-01
9.464758634567260742e-01
9.487254619598388672e-01
9.145697355270385742e-01
9.150852560997009277e-01
9.661273360252380371e-01
9.436728954315185547e-01
9.338991045951843262e-01
9.759382009506225586e-01
9.304920434951782227e-01
9.360973834991455078e-01
9.359220266342163086e-01
9.279133677482604980e-01
9.283677339553833008e-01
9.064550399780273438e-01
9.529322385787963867e-01
9.262382388114929199e-01
9.406079649925231934e-01
8.902091979980468750e-01
9.561375379562377930e-01
9.178857207298278809e-01
9.685629606246948242e-01
9.605717658996582031e-01
9.110802412033081055e-01
9.444311261177062988e-01
9.017130136489868164e-01
9.563803672790527344e-01
9.320802092552185059e-01
9.668709039688110352e-01
9.264867305755615234e-01
9.291304349899291992e-01
9.464173316955566406e-01
9.510859251022338867e-01
9.438869953155517578e-01
8.957573175430297852e-01
9.377710819244384766e-01
9.156839847564697266e-01
9.567230939865112305e-01
9.653177261352539062e-01
9.240642189979553223e-01
9.543995857238769531e-01
9.390338659286499023e-01
9.205051064491271973e-01
9.432955980300903320e-01
9.266520142555236816e-01
9.580593109130859375e-01
9.207011461257934570e-01
9.418268799781799316e-01
9.591381549835205078e-01
9.701877832412719727e-01
9.501951932907104492e-01
8.972874879837036133e-01
9.251928329467773438e-01
9.393888711929321289e-01
9.203522205352783203e-01
9.077516794204711914e-01
9.384549856185913086e-01
9.051783084869384766e-01
9.246087074279785156e-01
9.191983342170715332e-01
9.332203865051269531e-01
9.351592659950256348e-01
9.149222373962402344e-01
9.317240118980407715e-01
9.195641279220581055e-01
9.482222795486450195e-01
9.516150951385498047e-01
9.039409756660461426e-01
9.131588935852050781e-01
9.453816413879394531e-01
9.501770734786987305e-01
9.075416326522827148e-01
9.235500693321228027e-01
8.984308242797851562e-01
9.302630424499511719e-01
9.219890236854553223e-01
9.248657226562500000e-01
9.303204417228698730e-01
9.200376272201538086e-01
9.289792776107788086e-01
9.405392408370971680e-01
9.333706498146057129e-01
9.114292263984680176e-01
9.239445924758911133e-01
9.413166046142578125e-01
9.736771583557128906e-01
9.282697439193725586e-01
9.020761251449584961e-01
9.028193950653076172e-01
9.791674613952636719e-01
9.124866724014282227e-01
9.042523503303527832e-01
9.380784034729003906e-01
9.684555530548095703e-01
9.199157357215881348e-01
9.081086516380310059e-01
9.274206161499023438e-01
9.343660473823547363e-01
9.309259653091430664e-01
9.255068302154541016e-01
9.399163722991943359e-01
9.428203105926513672e-01
9.440293908119201660e-01
9.271889925003051758e-01
9.434446096420288086e-01
9.417809247970581055e-01
9.355035424232482910e-01
9.088551402091979980e-01
9.388022422790527344e-01
9.376627802848815918e-01
9.170753955841064453e-01
9.032782316207885742e-01
9.566715955734252930e-01
9.440197348594665527e-01
9.670735597610473633e-01
9.373241662979125977e-01
9.367221593856811523e-01
9.349831938743591309e-01
9.374936819076538086e-01
9.368214011192321777e-01
9.281331300735473633e-01
9.153494834899902344e-01
9.433199167251586914e-01
9.406048655509948730e-01
9.483264088630676270e-01
9.275846481323242188e-01
9.834299087524414062e-01
9.046914577484130859e-01
9.387207627296447754e-01
9.254068136215209961e-01
9.314605593681335449e-01
9.432328939437866211e-01
9.223564863204956055e-01
9.498300552368164062e-01
9.156432151794433594e-01
9.168958663940429688e-01
9.319716691970825195e-01
9.411792755126953125e-01
9.492825269699096680e-01
9.557298421859741211e-01
9.305687546730041504e-01
9.451050758361816406e-01
9.717555642127990723e-01
9.734590649604797363e-01
9.201334714889526367e-01
9.358583092689514160e-01
9.354752302169799805e-01
9.324504733085632324e-01
9.325180053710937500e-01
9.393515586853027344e-01
9.180548191070556641e-01
9.589899182319641113e-01
9.446560144424438477e-01
9.515265226364135742e-01
9.193685054779052734e-01
9.333171844482421875e-01
9.177100658416748047e-01
9.588136672973632812e-01
9.056022763252258301e-01
9.216476678848266602e-01
9.287384748458862305e-01
9.200754761695861816e-01
9.554300308227539062e-01
9.342520236968994141e-01
9.174641370773315430e-01
9.428343772888183594e-01
9.443730115890502930e-01
9.310141801834106445e-01
9.210051298141479492e-01
9.396724700927734375e-01
9.327612519264221191e-01
9.136566519737243652e-01
9.007079005241394043e-01
9.086325168609619141e-01
9.306172132492065430e-01
9.219265580177307129e-01
9.410617351531982422e-01
9.106229543685913086e-01
8.963381052017211914e-01
9.520986676216125488e-01
9.489240050315856934e-01
9.141613841056823730e-01
9.512076377868652344e-01
9.170371890068054199e-01
9.328005909919738770e-01
9.529922604560852051e-01
8.780084848403930664e-01
9.314764738082885742e-01
9.174130558967590332e-01
9.411965012550354004e-01
9.187147021293640137e-01
9.294031858444213867e-01
9.276052713394165039e-01
9.535595178604125977e-01
9.315251708030700684e-01
9.392067193984985352e-01
9.246286749839782715e-01
9.464688301086425781e-01
9.192078113555908203e-01
9.624729156494140625e-01
9.528110623359680176e-01
9.333966970443725586e-01
9.645622372627258301e-01
9.330457448959350586e-01
9.232009649276733398e-01
9.444423913955688477e-01
9.266419410705566406e-01
9.522560834884643555e-01
9.571049213409423828e-01
9.130609631538391113e-01
9.180589914321899414e-01
9.755511283874511719e-01
9.322919249534606934e-01
9.456725120544433594e-01
9.080488681793212891e-01
9.300008416175842285e-01
9.140770435333251953e-01
9.691742062568664551e-01
8.965252637863159180e-01
9.214673638343811035e-01
9.567607641220092773e-01
9.537186622619628906e-01
9.531960487365722656e-01
9.132181406021118164e-01
9.361374378204345703e-01
9.225897789001464844e-01
9.329918622970581055e-01
9.343542456626892090e-01
9.262231588363647461e-01
9.176560640335083008e-01
9.300539493560791016e-01
9.218868613243103027e-01
8.866207599639892578e-01
9.401695728302001953e-01
9.176402688026428223e-01
9.435124397277832031e-01
9.785333275794982910e-01
9.385168552398681641e-01
9.319351911544799805e-01
9.348540306091308594e-01
9.342803955078125000e-01
9.719036817550659180e-01
9.236094951629638672e-01
9.228653907775878906e-01
8.895163536071777344e-01
9.265213012695312500e-01
9.759399294853210449e-01
9.022992849349975586e-01
9.482225775718688965e-01
9.146974086761474609e-01
9.377630949020385742e-01
9.380534887313842773e-01
9.329107999801635742e-01
9.260863661766052246e-01
9.420059919357299805e-01
9.467477798461914062e-01
9.465355873107910156e-01
9.465581178665161133e-01
9.463629722595214844e-01
9.376444220542907715e-01
9.260407090187072754e-01
9.575829505920410156e-01
9.346679449081420898e-01
9.835969209671020508e-01
9.574487209320068359e-01
9.347741603851318359e-01
9.234282970428466797e-01
9.528860449790954590e-01
9.617294669151306152e-01
9.300856590270996094e-01
9.072057008743286133e-01
9.141885042190551758e-01
9.019459486007690430e-01
9.139953255653381348e-01
9.181544780731201172e-01
9.252025485038757324e-01
9.214801788330078125e-01
9.145588874816894531e-01
9.175268411636352539e-01
9.119347333908081055e-01
9.136037826538085938e-01
9.195699691772460938e-01
8.962152004241943359e-01
9.599598646163940430e-01
9.224461317062377930e-01
9.496526718139648438e-01
9.039774537086486816e-01
9.311218261718750000e-01
9.589278101921081543e-01
9.381616115570068359e-01
9.258261322975158691e-01
9.139954447746276855e-01
9.407503008842468262e-01
9.698656201362609863e-01
9.393879175186157227e-01
9.141399860382080078e-01
9.302036762237548828e-01
9.217071533203125000e-01
9.311009645462036133e-01
9.303481578826904297e-01
9.247517585754394531e-01
9.323635101318359375e-01
9.663393497467041016e-01
9.323970079421997070e-01
9.207751750946044922e-01
9.321445822715759277e-01
9.259578585624694824e-01
9.536672830581665039e-01
9.196393489837646484e-01
9.185583591461181641e-01
9.066555500030517578e-01
9.667058587074279785e-01
9.357877969741821289e-01
9.220798611640930176e-01
9.324598908424377441e-01
9.279224276542663574e-01
9.192256927490234375e-01
9.506298303604125977e-01
9.189086556434631348e-01
8.932082056999206543e-01
9.379233121871948242e-01
9.341948032379150391e-01
9.529250264167785645e-01
9.092355966567993164e-01
9.688447117805480957e-01
9.047245383262634277e-01
9.522002339363098145e-01
9.338881373405456543e-01
9.187590479850769043e-01
9.326856136322021484e-01
8.988763093948364258e-01
9.473756551742553711e-01
9.029196500778198242e-01
9.134163856506347656e-01
9.270440340042114258e-01
9.477598667144775391e-01
9.568835496902465820e-01
9.390283823013305664e-01
9.439290761947631836e-01
9.561573266983032227e-01
9.437156915664672852e-01
8.985242843627929688e-01
9.307551383972167969e-01
9.244975447654724121e-01
9.477175474166870117e-01
9.210364818572998047e-01
9.017201066017150879e-01
9.185762405395507812e-01
9.313232898712158203e-01
9.649490118026733398e-01
9.562326669692993164e-01
9.207437038421630859e-01
9.410718679428100586e-01
9.235624074935913086e-01
9.384758472442626953e-01
9.522972106933593750e-01
9.452101588249206543e-01
9.203354716300964355e-01
9.035463929176330566e-01
9.573597908020019531e-01
9.128307104110717773e-01
9.315593242645263672e-01
9.410899281501770020e-01
9.227510690689086914e-01
9.350894689559936523e-01
9.387886524200439453e-01
9.136112928390502930e-01
9.589760303497314453e-01
9.683953523635864258e-01
9.568868875503540039e-01
9.437862634658813477e-01
9.223403930664062500e-01
9.154362678527832031e-01
9.436323642730712891e-01
9.554177522659301758e-01
9.481195211410522461e-01
9.684878587722778320e-01
9.501326084136962891e-01
9.400455951690673828e-01
9.300501942634582520e-01
9.130408167839050293e-01
9.232718944549560547e-01
9.514595866203308105e-01
9.449993968009948730e-01
9.466613531112670898e-01
9.413931965827941895e-01
9.006149768829345703e-01
9.203860759735107422e-01
9.289839863777160645e-01
9.091403484344482422e-01
9.476395249366760254e-01
9.140006303787231445e-01
9.389482736587524414e-01
9.543763995170593262e-01
9.294373989105224609e-01
9.232516288757324219e-01
9.425691366195678711e-01
9.477031230926513672e-01
9.471456408500671387e-01
9.221459627151489258e-01
9.157881140708923340e-01
9.533710479736328125e-01
9.234485626220703125e-01
9.190608859062194824e-01
9.412019252777099609e-01
9.294430613517761230e-01
9.282945394515991211e-01
9.097188711166381836e-01
9.191061854362487793e-01
9.472749233245849609e-01
9.653238654136657715e-01
9.528189301490783691e-01
9.481804370880126953e-01
9.616590738296508789e-01
9.252642989158630371e-01
9.634371995925903320e-01
9.482028484344482422e-01
9.589685201644897461e-01
9.168999195098876953e-01
9.484212398529052734e-01
9.456692934036254883e-01
9.476113915443420410e-01
9.405893087387084961e-01
9.310203194618225098e-01
9.325160980224609375e-01
9.122428894042968750e-01
9.612936973571777344e-01
9.043488502502441406e-01
9.304483532905578613e-01
9.346709251403808594e-01
9.419102668762207031e-01
9.315326213836669922e-01
9.176182150840759277e-01
9.516234993934631348e-01
9.555034637451171875e-01
9.658582210540771484e-01
9.425501823425292969e-01
9.677801132202148438e-01
9.555487632751464844e-01
9.368176460266113281e-01
9.131472706794738770e-01
9.432810544967651367e-01
9.262329339981079102e-01
9.354716539382934570e-01
9.266670942306518555e-01
9.476805925369262695e-01
9.257022142410278320e-01
9.471047520637512207e-01
9.190540313720703125e-01
9.515848755836486816e-01
9.055773019790649414e-01
9.297242164611816406e-01
9.375016093254089355e-01
9.346508979797363281e-01
9.199619293212890625e-01
9.203792810440063477e-01
9.408386945724487305e-01
9.504074454307556152e-01
9.304518699645996094e-01
9.536184072494506836e-01
9.391884207725524902e-01
9.121590256690979004e-01
9.291868209838867188e-01
9.360572099685668945e-01
9.616916179656982422e-01
9.396899938583374023e-01
9.408435821533203125e-01
9.648706912994384766e-01
9.484647512435913086e-01
9.372643232345581055e-01
9.181252717971801758e-01
9.419215917587280273e-01
9.429495334625244141e-01
9.550697207450866699e-01
9.547501802444458008e-01
9.642692804336547852e-01
9.628086686134338379e-01
9.279983639717102051e-01
9.420887231826782227e-01
9.143413305282592773e-01
9.388077259063720703e-01
9.167969226837158203e-01
9.728895425796508789e-01
9.283501505851745605e-01
9.119304418563842773e-01
9.445152282714843750e-01
9.505915641784667969e-01
9.062113165855407715e-01
9.668872356414794922e-01
9.335155487060546875e-01
9.607504606246948242e-01
9.117380380630493164e-01
9.329347014427185059e-01
9.514250755310058594e-01
9.670382142066955566e-01
9.334598779678344727e-01
9.290474653244018555e-01
9.491466283798217773e-01
9.730393886566162109e-01
9.219844341278076172e-01
9.216099977493286133e-01
9.352036118507385254e-01
9.669711589813232422e-01
9.336928129196166992e-01
9.366367459297180176e-01
9.312388896942138672e-01
9.489185810089111328e-01
9.339423775672912598e-01
9.351948499679565430e-01
9.466980695724487305e-01
9.438444972038269043e-01
9.470809698104858398e-01
9.544614553451538086e-01
9.218662381172180176e-01
9.074793457984924316e-01
9.499518871307373047e-01
9.711569547653198242e-01
9.531621336936950684e-01
9.178729057312011719e-01
9.129194617271423340e-01
9.370582103729248047e-01
9.391094446182250977e-01
9.565521478652954102e-01
9.488194584846496582e-01
9.173033833503723145e-01
9.645078182220458984e-01
9.353156089782714844e-01
9.588825702667236328e-01
9.340342283248901367e-01
9.349706768989562988e-01
8.973663449287414551e-01
9.118638038635253906e-01
9.440464973449707031e-01
9.378952980041503906e-01
9.636787772178649902e-01
9.322950839996337891e-01
9.174118041992187500e-01
9.308681488037109375e-01
9.359800815582275391e-01
9.364260435104370117e-01
9.413462281227111816e-01
9.024808406829833984e-01
9.443933367729187012e-01
9.259893894195556641e-01
9.513737559318542480e-01
9.200001955032348633e-01
9.299922585487365723e-01
9.506895542144775391e-01
9.435693025588989258e-01
9.406803846359252930e-01
9.198427796363830566e-01
9.422153234481811523e-01
9.263088703155517578e-01
9.012238383293151855e-01
9.204357266426086426e-01
9.385672807693481445e-01
9.381590485572814941e-01
9.544734954833984375e-01
9.419447779655456543e-01
9.254784584045410156e-01
9.270439147949218750e-01
9.330391883850097656e-01
9.108829498291015625e-01
9.210947155952453613e-01
9.387842416763305664e-01
8.897240161895751953e-01
9.228833913803100586e-01
9.517483115196228027e-01
9.268718361854553223e-01
9.485406279563903809e-01
9.250922203063964844e-01
9.470490217208862305e-01
9.513885378837585449e-01
9.567065834999084473e-01
9.279356598854064941e-01
9.259006977081298828e-01
9.313969612121582031e-01
9.386049509048461914e-01
9.357851147651672363e-01
9.543693065643310547e-01
9.562423229217529297e-01
9.178805351257324219e-01
9.352904558181762695e-01
9.296696782112121582e-01
9.515590667724609375e-01
8.980371952056884766e-01
9.267598390579223633e-01
9.317011833190917969e-01
9.579503536224365234e-01
9.436899423599243164e-01
9.241451621055603027e-01
9.285470247268676758e-01
9.654594063758850098e-01
9.217804670333862305e-01
9.390430450439453125e-01
9.585875272750854492e-01
9.709899425506591797e-01
9.235365390777587891e-01
9.345771074295043945e-01
9.495248794555664062e-01
9.146037101745605469e-01
9.350363016128540039e-01
9.308114051818847656e-01
9.496521949768066406e-01
9.384446144104003906e-01
9.318704605102539062e-01
9.682034850120544434e-01
9.470641613006591797e-01
9.076892137527465820e-01
9.568268060684204102e-01
9.720861315727233887e-01
9.338980913162231445e-01
9.605929255485534668e-01
9.056056737899780273e-01
9.471793770790100098e-01
9.166717529296875000e-01
9.344257116317749023e-01
9.330672025680541992e-01
9.625600576400756836e-01
9.716696739196777344e-01
9.332492947578430176e-01
9.642462134361267090e-01
9.178116917610168457e-01
9.405212402343750000e-01
9.312093257904052734e-01
9.520363211631774902e-01
9.601387977600097656e-01
9.584176540374755859e-01
9.329512119293212891e-01
9.522330760955810547e-01
9.464896917343139648e-01
9.354189634323120117e-01
9.576914310455322266e-01
9.446818828582763672e-01
9.384877681732177734e-01
8.987545967102050781e-01
9.218300580978393555e-01
9.523901343345642090e-01
9.097734689712524414e-01
9.398319721221923828e-01
9.270647168159484863e-01
9.349236488342285156e-01
9.560720920562744141e-01
9.355077743530273438e-01
9.430690407752990723e-01
9.259260892868041992e-01
9.377069473266601562e-01
9.551621675491333008e-01
9.361472725868225098e-01
9.161969423294067383e-01
9.517393112182617188e-01
9.231778383255004883e-01
9.172707796096801758e-01
9.169290661811828613e-01
9.232769608497619629e-01
9.252647757530212402e-01
9.176206588745117188e-01
9.515982866287231445e-01
9.420939683914184570e-01
9.082875251770019531e-01
9.553223252296447754e-01
8.955503702163696289e-01
9.247084856033325195e-01
9.225220084190368652e-01
9.074780941009521484e-01
9.379907846450805664e-01
9.047155380249023438e-01
9.476028084754943848e-01
9.390013217926025391e-01
9.118047952651977539e-01
9.244510531425476074e-01
9.238226413726806641e-01
9.355356693267822266e-01
9.469448328018188477e-01
9.534155726432800293e-01
9.440581798553466797e-01
9.290207624435424805e-01
9.540849328041076660e-01
9.645720720291137695e-01
9.523863792419433594e-01
9.482351541519165039e-01
8.974324464797973633e-01
9.600281715393066406e-01
9.479749202728271484e-01
9.484318494796752930e-01
9.427808523178100586e-01
9.562278985977172852e-01
9.046556949615478516e-01
9.500026702880859375e-01
9.694848656654357910e-01
9.693121314048767090e-01
9.368298053741455078e-01
9.491990804672241211e-01
9.558527469635009766e-01
9.546998143196105957e-01
9.575444459915161133e-01
9.364876747131347656e-01
9.397400617599487305e-01
9.159812927246093750e-01
9.518821239471435547e-01
9.344874620437622070e-01
9.678702354431152344e-01
9.092345833778381348e-01
9.561429023742675781e-01
9.407470226287841797e-01
9.606723785400390625e-01
9.461396336555480957e-01
9.262855648994445801e-01
9.094320535659790039e-01
9.341516494750976562e-01
9.409867525100708008e-01
9.460419416427612305e-01
9.527471661567687988e-01
9.173926115036010742e-01
9.155379533767700195e-01
9.310093522071838379e-01
9.659022092819213867e-01
9.351474046707153320e-01
9.428228139877319336e-01
9.221405982971191406e-01
9.589081406593322754e-01
9.519819617271423340e-01
9.457772374153137207e-01
9.508882761001586914e-01
9.544711112976074219e-01
9.143744111061096191e-01
9.242590665817260742e-01
9.389591217041015625e-01
9.457969069480895996e-01
9.111477136611938477e-01
9.065697789192199707e-01
9.270136356353759766e-01
9.313403367996215820e-01
9.299832582473754883e-01
9.547808766365051270e-01
9.548462629318237305e-01
9.527350068092346191e-01
9.047300815582275391e-01
9.285250306129455566e-01
9.288069009780883789e-01
9.348866343498229980e-01
9.079690575599670410e-01
9.040397405624389648e-01
9.512256979942321777e-01
9.332634806632995605e-01
8.868595361709594727e-01
9.130677580833435059e-01
9.437134265899658203e-01
9.287971258163452148e-01
9.398465156555175781e-01
9.402152299880981445e-01
8.991715908050537109e-01
9.458668231964111328e-01
9.221436977386474609e-01
9.283043146133422852e-01
9.517884254455566406e-01
9.448190927505493164e-01
9.533689618110656738e-01
9.481997489929199219e-01
9.333167672157287598e-01
9.625649452209472656e-01
9.373542070388793945e-01
9.584860205650329590e-01
9.038764238357543945e-01
9.459265470504760742e-01
9.362443089485168457e-01
8.977154493331909180e-01
9.040277004241943359e-01
9.276182055473327637e-01
9.253903627395629883e-01
9.117434024810791016e-01
9.693623781204223633e-01
9.469082951545715332e-01
8.980888724327087402e-01
9.445660710334777832e-01
9.517280459403991699e-01
9.554072618484497070e-01
9.323271512985229492e-01
9.516847133636474609e-01
9.009302854537963867e-01
9.439364671707153320e-01
8.994932174682617188e-01
9.314000010490417480e-01
9.387472271919250488e-01
9.465890526771545410e-01
9.788222312927246094e-01
9.286463260650634766e-01
9.321533441543579102e-01
9.511059522628784180e-01
9.472947120666503906e-01
9.147046208381652832e-01
9.654925465583801270e-01
9.056854248046875000e-01
9.281008243560791016e-01
9.619798660278320312e-01
9.333164095878601074e-01
9.167155027389526367e-01
9.446397423744201660e-01
8.889544010162353516e-01
9.527009725570678711e-01
9.338561296463012695e-01
9.347397685050964355e-01
9.454147815704345703e-01
8.958535790443420410e-01
9.515378475189208984e-01
9.512611627578735352e-01
9.258002638816833496e-01
9.365975856781005859e-01
9.535592198371887207e-01
9.310463070869445801e-01
9.461643695831298828e-01
9.193773269653320312e-01
8.891744613647460938e-01
9.279445409774780273e-01
8.971837759017944336e-01
9.157423973083496094e-01
9.357639551162719727e-01
9.515393972396850586e-01
9.647989273071289062e-01
9.538691043853759766e-01
9.397571086883544922e-01
9.429568052291870117e-01
9.444681406021118164e-01
9.579798579216003418e-01
9.540135860443115234e-01
9.061609506607055664e-01
9.362815022468566895e-01
9.555746316909790039e-01
9.287910461425781250e-01
9.277386069297790527e-01
9.595790505409240723e-01
9.385489225387573242e-01
9.447784423828125000e-01
9.234148263931274414e-01
9.427224397659301758e-01
9.227169752120971680e-01
9.493392705917358398e-01
9.377416968345642090e-01
9.597478508949279785e-01
9.433929920196533203e-01
9.328145980834960938e-01
9.278535246849060059e-01
9.240678548812866211e-01
9.276151657104492188e-01
9.259390830993652344e-01
9.533957242965698242e-01
9.687582254409790039e-01
9.554020166397094727e-01
9.304265379905700684e-01
9.042310118675231934e-01
9.062311649322509766e-01
9.548386335372924805e-01
9.425216913223266602e-01
9.464049339294433594e-01
9.530581235885620117e-01
9.416311979293823242e-01
9.366872906684875488e-01
9.553470611572265625e-01
9.452465176582336426e-01
9.548724889755249023e-01
9.185771942138671875e-01
9.652040600776672363e-01
9.540855288505554199e-01
9.411553144454956055e-01
9.249939918518066406e-01
9.504563808441162109e-01
9.232178330421447754e-01
9.171066284179687500e-01
9.192633628845214844e-01
9.496197700500488281e-01
9.261468648910522461e-01
9.400516748428344727e-01
8.943102359771728516e-01
9.653074741363525391e-01
8.955252170562744141e-01
9.359847903251647949e-01
9.762697219848632812e-01
9.615645408630371094e-01
9.378100633621215820e-01
9.442662596702575684e-01
8.971956968307495117e-01
9.194519519805908203e-01
9.443148374557495117e-01
9.174709320068359375e-01
9.237277507781982422e-01
9.196306467056274414e-01
9.494957923889160156e-01
9.228070974349975586e-01
9.627948999404907227e-01
9.102094173431396484e-01
9.233897924423217773e-01
9.479778409004211426e-01
9.298678636550903320e-01
9.017170667648315430e-01
9.313105344772338867e-01
9.078451395034790039e-01
9.447113275527954102e-01
9.276993274688720703e-01
9.600640535354614258e-01
9.752469062805175781e-01
9.190860986709594727e-01
9.286891222000122070e-01
9.801052808761596680e-01
9.412252306938171387e-01
9.171966910362243652e-01
9.506980180740356445e-01
9.451913237571716309e-01
9.162124991416931152e-01
9.528359770774841309e-01
9.137278795242309570e-01
9.397794008255004883e-01
9.139298200607299805e-01
9.882879257202148438e-01
9.641807079315185547e-01
9.570166468620300293e-01
8.893683552742004395e-01
9.359320402145385742e-01
9.375333786010742188e-01
9.225998520851135254e-01
9.207601547241210938e-01
9.196661710739135742e-01
9.551472663879394531e-01
9.131147861480712891e-01
9.236883521080017090e-01
9.504774212837219238e-01
9.578138589859008789e-01
9.501805901527404785e-01
9.590559601783752441e-01
9.073199629783630371e-01
9.341144561767578125e-01
9.536907672882080078e-01
9.571084380149841309e-01
9.226028323173522949e-01
9.480983614921569824e-01
9.297994971275329590e-01
9.365005493164062500e-01
9.091489315032958984e-01
9.273152351379394531e-01
9.739738702774047852e-01
9.300540089607238770e-01
9.655438661575317383e-01
9.480246901512145996e-01
9.178535938262939453e-01
9.077987670898437500e-01
9.010680913925170898e-01
9.339469075202941895e-01
9.518170356750488281e-01
9.547805786132812500e-01
9.411519765853881836e-01
8.769468069076538086e-01
9.074952602386474609e-01
9.230633974075317383e-01
9.072158336639404297e-01
9.389975666999816895e-01
9.453650712966918945e-01
9.300413727760314941e-01
9.465979933738708496e-01
9.300100207328796387e-01
9.073289632797241211e-01
9.230347275733947754e-01
9.691957235336303711e-01
9.546978473663330078e-01
9.243673682212829590e-01
9.532740116119384766e-01
9.072004556655883789e-01
9.255257844924926758e-01
9.352791309356689453e-01
9.351524114608764648e-01
9.693926572799682617e-01
9.422561526298522949e-01
9.431136846542358398e-01
9.468284249305725098e-01
9.532581567764282227e-01
9.216825366020202637e-01
9.128212928771972656e-01
9.099642634391784668e-01
9.666827321052551270e-01
9.298037290573120117e-01
9.511089324951171875e-01
9.169643521308898926e-01
9.259755611419677734e-01
9.252739548683166504e-01
9.464282393455505371e-01
9.665926694869995117e-01
9.286707639694213867e-01
9.029003381729125977e-01
9.366216659545898438e-01
9.179856181144714355e-01
9.527890682220458984e-01
9.340764880180358887e-01
9.557961225509643555e-01
8.974710702896118164e-01
9.339622259140014648e-01
9.390474557876586914e-01
9.472052454948425293e-01
9.302951097488403320e-01
9.415948390960693359e-01
9.349914789199829102e-01
9.590708017349243164e-01
8.963549137115478516e-01
9.174265265464782715e-01
9.424898028373718262e-01
9.681347608566284180e-01
9.307428598403930664e-01
9.209735393524169922e-01
9.255299568176269531e-01
9.265670776367187500e-01
9.649233222007751465e-01
9.357818365097045898e-01
9.631625413894653320e-01
9.206035137176513672e-01
9.374334812164306641e-01
9.462151527404785156e-01
9.187269210815429688e-01
9.566086530685424805e-01
9.235500097274780273e-01
9.701150655746459961e-01
9.018319845199584961e-01
9.681944847106933594e-01
9.172489643096923828e-01
8.896346688270568848e-01
9.112809300422668457e-01
9.163119792938232422e-01
9.233976602554321289e-01
9.582709074020385742e-01
9.429147243499755859e-01
9.038778543472290039e-01
9.200379848480224609e-01
9.351738691329956055e-01
9.377014040946960449e-01
9.345614910125732422e-01
9.457077980041503906e-01
9.725849628448486328e-01
9.289386868476867676e-01
9.470516443252563477e-01
9.317242503166198730e-01
9.197501540184020996e-01
9.146873950958251953e-01
9.594868421554565430e-01
9.200589656829833984e-01
9.054696559906005859e-01
9.456471204757690430e-01
9.253287315368652344e-01
9.538357257843017578e-01
9.087709188461303711e-01
9.455677270889282227e-01
9.303569197654724121e-01
9.488554000854492188e-01
9.296909570693969727e-01
9.156578779220581055e-01
9.485214352607727051e-01
9.141175150871276855e-01
9.461530447006225586e-01
9.259061813354492188e-01
9.652252197265625000e-01
9.207697510719299316e-01
9.195234179496765137e-01
9.064038991928100586e-01
9.501833915710449219e-01
9.583212137222290039e-01
9.534907937049865723e-01
9.178380966186523438e-01
9.505872130393981934e-01
9.248931407928466797e-01
9.559111595153808594e-01
9.532225728034973145e-01
9.415148496627807617e-01
9.559886455535888672e-01
9.469974637031555176e-01
9.715384244918823242e-01
9.121890068054199219e-01
9.460003376007080078e-01
9.231250286102294922e-01
9.254971146583557129e-01
9.565452933311462402e-01
9.116017818450927734e-01
9.501523971557617188e-01
9.440507888793945312e-01
9.580076336860656738e-01
9.003554582595825195e-01
8.945502042770385742e-01
9.327034950256347656e-01
9.056048989295959473e-01
9.130483865737915039e-01
9.414963722229003906e-01
9.218652248382568359e-01
9.589163064956665039e-01
9.106897711753845215e-01
9.217649102210998535e-01
9.485343694686889648e-01
9.370145201683044434e-01
8.840576410293579102e-01
9.405386447906494141e-01
9.266904592514038086e-01
9.316169619560241699e-01
9.462232589721679688e-01
9.350873827934265137e-01
9.209631681442260742e-01
9.323953986167907715e-01
9.517738819122314453e-01
9.281833171844482422e-01
9.277250170707702637e-01
9.367104172706604004e-01
9.677350521087646484e-01
9.099583625793457031e-01
9.544287919998168945e-01
9.597800374031066895e-01
9.434168934822082520e-01
9.484478235244750977e-01
9.511993527412414551e-01
9.369909763336181641e-01
9.658651351928710938e-01
8.936805129051208496e-01
9.473024606704711914e-01
9.677818417549133301e-01
9.507044553756713867e-01
9.400042295455932617e-01
9.536997079849243164e-01
9.418185949325561523e-01
9.514607191085815430e-01
9.463074803352355957e-01
9.250165820121765137e-01
9.428111910820007324e-01
9.267212152481079102e-01
9.644177556037902832e-01
9.143730401992797852e-01
9.378783106803894043e-01
9.215638637542724609e-01
9.320169091224670410e-01
9.533039331436157227e-01
9.394025206565856934e-01
9.202951788902282715e-01
9.256720542907714844e-01
9.141505956649780273e-01
9.407581686973571777e-01
9.444812536239624023e-01
9.432121515274047852e-01
9.361933469772338867e-01
9.262958765029907227e-01
9.516805410385131836e-01
9.332519173622131348e-01
9.074298143386840820e-01
8.960953354835510254e-01
8.796588182449340820e-01
9.229358434677124023e-01
9.227526187896728516e-01
9.327818155288696289e-01
9.168781042098999023e-01
9.585450887680053711e-01
9.122195243835449219e-01
9.722344279289245605e-01
9.220118522644042969e-01
9.786134362220764160e-01
9.316205978393554688e-01
9.136610031127929688e-01
9.418728351593017578e-01
9.187357425689697266e-01
9.305079579353332520e-01
9.592969417572021484e-01
9.317942857742309570e-01
9.334171414375305176e-01
9.632140994071960449e-01
9.300528764724731445e-01
9.510809183120727539e-01
9.351816177368164062e-01
8.905891776084899902e-01
9.326887130737304688e-01
9.703968763351440430e-01
9.026176929473876953e-01
9.073562622070312500e-01
9.085111618041992188e-01
9.314858913421630859e-01
9.159398674964904785e-01
9.407583475112915039e-01
9.117162227630615234e-01
9.017072916030883789e-01
9.316804409027099609e-01
9.573692679405212402e-01
9.568804502487182617e-01
9.381943345069885254e-01
9.312102794647216797e-01
9.666229486465454102e-01
9.429799914360046387e-01
9.373426437377929688e-01
8.989063501358032227e-01
9.540680646896362305e-01
9.001973867416381836e-01
9.355737566947937012e-01
9.494138956069946289e-01
9.514808654785156250e-01
9.573027491569519043e-01
9.412693381309509277e-01
9.300523996353149414e-01
9.306151270866394043e-01
9.440418481826782227e-01
9.130489230155944824e-01
9.128913879394531250e-01
9.280865788459777832e-01
9.095237255096435547e-01
9.124364256858825684e-01
9.320572614669799805e-01
9.458243846893310547e-01
9.705033898353576660e-01
8.957887887954711914e-01
9.485977888107299805e-01
9.314199686050415039e-01
9.664961099624633789e-01
9.710630178451538086e-01
9.386499524116516113e-01
9.313179850578308105e-01
9.442604780197143555e-01
9.203873872756958008e-01
9.575273990631103516e-01
9.456841945648193359e-01
9.398041367530822754e-01
9.316434860229492188e-01
9.295599460601806641e-01
9.392877817153930664e-01
9.050949215888977051e-01
9.265614748001098633e-01
9.489096403121948242e-01
9.259049892425537109e-01
9.193009138107299805e-01
8.868834972381591797e-01
9.122290015220642090e-01
9.454986453056335449e-01
9.297697544097900391e-01
9.432332515716552734e-01
9.289481639862060547e-01
9.655401706695556641e-01
9.456891417503356934e-01
9.290304183959960938e-01
9.335768222808837891e-01
9.266798496246337891e-01
9.533475637435913086e-01
9.102709293365478516e-01
9.154815673828125000e-01
9.394927024841308594e-01
9.525477290153503418e-01
9.182859659194946289e-01
8.930821418762207031e-01
9.306347966194152832e-01
9.531314969062805176e-01
9.183521270751953125e-01
9.437125921249389648e-01
9.430540204048156738e-01
9.403445720672607422e-01
9.248163700103759766e-01
9.174797534942626953e-01
9.249777793884277344e-01
9.333179593086242676e-01
9.139816761016845703e-01
9.419747591018676758e-01
9.180100560188293457e-01
9.060305356979370117e-01
9.486657977104187012e-01
9.507103562355041504e-01
8.949975967407226562e-01
9.221541285514831543e-01
9.054534435272216797e-01
9.502208232879638672e-01
9.516743421554565430e-01
9.450203180313110352e-01
8.977023363113403320e-01
9.518626928329467773e-01
9.264592528343200684e-01
9.537626504898071289e-01
9.205764532089233398e-01
9.418724775314331055e-01
9.743586778640747070e-01
9.039568901062011719e-01
9.404104948043823242e-01
9.428046345710754395e-01
9.450629949569702148e-01
9.223168492317199707e-01
9.350596666336059570e-01
8.745225667953491211e-01
9.063505530357360840e-01
9.199399948120117188e-01
9.246026277542114258e-01
9.363594055175781250e-01
9.161806106567382812e-01
9.387717247009277344e-01
9.363754987716674805e-01
8.784934282302856445e-01
8.938718438148498535e-01
9.250149130821228027e-01
9.571604728698730469e-01
9.172856211662292480e-01
9.610171318054199219e-01
9.269987344741821289e-01
9.494056701660156250e-01
9.527937173843383789e-01
8.886129260063171387e-01
9.649306535720825195e-01
9.277890324592590332e-01
9.393510222434997559e-01
9.392941594123840332e-01
9.216278791427612305e-01
9.453468322753906250e-01
9.476636052131652832e-01
9.413380622863769531e-01
9.434961080551147461e-01
9.173713922500610352e-01
9.488915205001831055e-01
9.292856454849243164e-01
9.423798322677612305e-01
9.552076458930969238e-01
9.198112487792968750e-01
9.137471914291381836e-01
9.345002770423889160e-01
9.692757129669189453e-01
9.251472949981689453e-01
9.306616187095642090e-01
9.090552330017089844e-01
9.746086001396179199e-01
9.330834150314331055e-01
9.175630807876586914e-01
9.303407669067382812e-01
9.505851268768310547e-01
9.159016609191894531e-01
9.053310155868530273e-01
9.478218555450439453e-01
9.450234174728393555e-01
8.951998353004455566e-01
9.243459701538085938e-01
9.580131769180297852e-01
9.372491836547851562e-01
9.204050898551940918e-01
9.286095499992370605e-01
9.430717825889587402e-01
9.845820069313049316e-01
9.019825458526611328e-01
9.536702036857604980e-01
9.193199872970581055e-01
8.900014162063598633e-01
9.550880789756774902e-01
9.512636065483093262e-01
8.891926407814025879e-01
9.549482464790344238e-01
9.266283512115478516e-01
9.142839908599853516e-01
9.480774998664855957e-01
9.288933277130126953e-01
9.346836805343627930e-01
9.598602056503295898e-01
9.564431905746459961e-01
9.625152945518493652e-01
9.382694959640502930e-01
9.279780387878417969e-01
9.371262788772583008e-01
9.565690159797668457e-01
9.437385201454162598e-01
9.641429781913757324e-01
8.990788459777832031e-01
9.304646253585815430e-01
9.462545514106750488e-01
9.232860207557678223e-01
9.071664214134216309e-01
9.326251149177551270e-01
8.979857563972473145e-01
9.169877767562866211e-01
9.461619853973388672e-01
9.357530474662780762e-01
9.299632906913757324e-01
9.229385852813720703e-01
9.270172119140625000e-01
9.504145383834838867e-01
9.426872730255126953e-01
9.493839144706726074e-01
9.440117478370666504e-01
9.404590725898742676e-01
9.398016929626464844e-01
9.693386554718017578e-01
9.271925687789916992e-01
9.084650874137878418e-01
9.124402403831481934e-01
8.928139209747314453e-01
9.606122970581054688e-01
9.534441828727722168e-01
9.566940665245056152e-01
9.218922853469848633e-01
9.373739361763000488e-01
9.198039174079895020e-01
9.581887125968933105e-01
9.401032924652099609e-01
9.171322584152221680e-01
9.563081264495849609e-01
9.095618724822998047e-01
9.293038845062255859e-01
9.232263565063476562e-01
9.288926124572753906e-01
8.924285173416137695e-01
9.586074948310852051e-01
8.972895145416259766e-01
9.095274209976196289e-01
9.294159412384033203e-01
9.196105003356933594e-01
9.423911571502685547e-01
9.594380855560302734e-01
9.330111145973205566e-01
9.064101576805114746e-01
9.284638166427612305e-01
9.384103417396545410e-01
9.399955272674560547e-01
9.381111860275268555e-01
9.327674508094787598e-01
9.321695566177368164e-01
9.201838970184326172e-01
9.149217605590820312e-01
9.740963578224182129e-01
9.390465021133422852e-01
9.260936379432678223e-01
9.429006576538085938e-01
9.274693727493286133e-01
9.589266777038574219e-01
9.338301420211791992e-01
9.357874393463134766e-01
9.654706120491027832e-01
9.493380188941955566e-01
9.442954659461975098e-01
9.371795654296875000e-01
9.447901248931884766e-01
9.382365942001342773e-01
9.371740818023681641e-01
9.231083989143371582e-01
9.416400790214538574e-01
8.926045894622802734e-01
9.299305677413940430e-01
9.118061065673828125e-01
9.369347095489501953e-01
9.375962615013122559e-01
9.314882755279541016e-01
9.079264402389526367e-01
9.296133518218994141e-01
9.781912565231323242e-01
9.225630164146423340e-01
8.987528085708618164e-01
9.086878299713134766e-01
9.403174519538879395e-01
9.726632833480834961e-01
9.630274176597595215e-01
9.052795171737670898e-01
9.235857725143432617e-01
9.596845507621765137e-01
9.638922214508056641e-01
9.408324956893920898e-01
9.182253479957580566e-01
9.024958610534667969e-01
9.552706480026245117e-01
9.249342679977416992e-01
8.941019773483276367e-01
9.243723154067993164e-01
9.283177852630615234e-01
9.147576093673706055e-01
9.583234786987304688e-01
9.273597002029418945e-01
9.659762978553771973e-01
9.421974420547485352e-01
9.189901351928710938e-01
9.355129003524780273e-01
9.414669275283813477e-01
9.453505277633666992e-01
9.471598267555236816e-01
9.409192800521850586e-01
8.873199224472045898e-01
9.360784292221069336e-01
9.485074877738952637e-01
9.408646225929260254e-01
9.259951710700988770e-01
9.419422149658203125e-01
9.614437818527221680e-01
9.296483993530273438e-01
9.270620942115783691e-01
9.519844651222229004e-01
9.815016388893127441e-01
9.435608386993408203e-01
9.554833173751831055e-01
8.906934261322021484e-01
9.133673906326293945e-01
9.451425075531005859e-01
9.470899701118469238e-01
9.399206638336181641e-01
9.333637952804565430e-01
9.252493381500244141e-01
9.485929012298583984e-01
9.284201860427856445e-01
9.287050366401672363e-01
9.545754790306091309e-01
9.199265241622924805e-01
9.346300363540649414e-01
9.253668785095214844e-01
9.625490903854370117e-01
9.464612007141113281e-01
9.454472064971923828e-01
9.645879864692687988e-01
9.149881601333618164e-01
9.382375478744506836e-01
9.163307547569274902e-01
9.448650479316711426e-01
8.968429565429687500e-01
9.727053046226501465e-01
9.170978069305419922e-01
9.091953635215759277e-01
9.549149274826049805e-01
9.534902572631835938e-01
9.373300075531005859e-01
9.453176856040954590e-01
9.137226343154907227e-01
9.507250189781188965e-01
9.499568939208984375e-01
9.417042732238769531e-01
9.403135776519775391e-01
8.979771733283996582e-01
9.032074213027954102e-01
9.764724373817443848e-01
9.418979883193969727e-01
9.533308744430541992e-01
9.165158271789550781e-01
9.027258753776550293e-01
9.532293677330017090e-01
9.371769428253173828e-01
9.355462789535522461e-01
9.513491392135620117e-01
9.476950168609619141e-01
9.515371322631835938e-01
9.546152353286743164e-01
9.199014902114868164e-01
9.269956350326538086e-01
9.437127113342285156e-01
9.321040511131286621e-01
9.361168146133422852e-01
9.647407531738281250e-01
9.111766815185546875e-01
9.267030358314514160e-01
9.400004148483276367e-01
8.962297439575195312e-01
9.401446580886840820e-01
9.535468220710754395e-01
9.098064899444580078e-01
9.381644725799560547e-01
9.459008574485778809e-01
9.342212677001953125e-01
9.589594602584838867e-01
9.445602893829345703e-01
9.581440091133117676e-01
9.261031150817871094e-01
9.406103491783142090e-01
9.286375641822814941e-01
9.397434592247009277e-01
9.312469959259033203e-01
9.527503252029418945e-01
9.382721185684204102e-01
9.471797943115234375e-01
9.561206698417663574e-01
9.212617278099060059e-01
9.309073686599731445e-01
8.854838609695434570e-01
9.418199658393859863e-01
9.268374443054199219e-01
9.326610565185546875e-01
9.190763235092163086e-01
9.080360531806945801e-01
9.430326223373413086e-01
9.439465999603271484e-01
9.319238662719726562e-01
9.491711258888244629e-01
9.341238737106323242e-01
9.504669904708862305e-01
9.588539600372314453e-01
9.594851732254028320e-01
9.559031724929809570e-01
9.412891864776611328e-01
9.391010999679565430e-01
9.277781844139099121e-01
9.521150588989257812e-01
9.278419613838195801e-01
9.582210183143615723e-01
8.878486752510070801e-01
9.289696216583251953e-01
9.184163808822631836e-01
9.223266839981079102e-01
9.144853353500366211e-01
9.365421533584594727e-01
9.505310058593750000e-01
9.417682290077209473e-01
9.467105865478515625e-01
9.400919675827026367e-01
9.442614316940307617e-01
9.339523911476135254e-01
9.071069955825805664e-01
9.237954616546630859e-01
9.220665693283081055e-01
9.501539468765258789e-01
9.446296691894531250e-01
9.061110019683837891e-01
9.574357271194458008e-01
9.393985271453857422e-01
8.990477919578552246e-01
9.618871808052062988e-01
9.141927361488342285e-01
9.393834471702575684e-01
9.372434616088867188e-01
9.116024971008300781e-01
9.542864561080932617e-01
9.216301441192626953e-01
9.477288126945495605e-01
9.429185390472412109e-01
9.367737770080566406e-01
9.451349973678588867e-01
9.296374320983886719e-01
9.542278051376342773e-01
9.270427823066711426e-01
9.510128498077392578e-01
9.201766252517700195e-01
9.548386931419372559e-01
9.208795428276062012e-01
9.225856065750122070e-01
9.388947486877441406e-01
9.149067401885986328e-01
9.116024971008300781e-01
9.160699844360351562e-01
9.073993563652038574e-01
8.939426541328430176e-01
9.275209903717041016e-01
9.184957742691040039e-01
9.330224990844726562e-01
9.334025382995605469e-01
9.366862773895263672e-01
9.408368468284606934e-01
9.042931795120239258e-01
9.661386609077453613e-01
9.262065887451171875e-01
9.350833892822265625e-01
9.712480306625366211e-01
9.320753812789916992e-01
9.386899471282958984e-01
9.326205253601074219e-01
9.763854146003723145e-01
8.950093984603881836e-01
9.758236408233642578e-01
9.508228302001953125e-01
9.309386610984802246e-01
9.529863595962524414e-01
9.498889446258544922e-01
9.475336074829101562e-01
9.196090698242187500e-01
9.160739183425903320e-01
9.501422643661499023e-01
9.159470796585083008e-01
9.333421587944030762e-01
9.210257530212402344e-01
9.257339835166931152e-01
9.229882955551147461e-01
9.557555913925170898e-01
9.199135303497314453e-01
9.001237154006958008e-01
9.404660463333129883e-01
9.534060359001159668e-01
9.027652740478515625e-01
9.621989727020263672e-01
9.500223994255065918e-01
9.426656961441040039e-01
9.346719980239868164e-01
9.509856104850769043e-01
9.586837887763977051e-01
9.454772472381591797e-01
9.047159552574157715e-01
9.187922477722167969e-01
9.431401491165161133e-01
9.496134519577026367e-01
9.547258019447326660e-01
8.920847177505493164e-01
9.363760352134704590e-01
9.393741488456726074e-01
9.602043628692626953e-01
9.318860769271850586e-01
9.086142778396606445e-01
9.608694911003112793e-01
9.046554565429687500e-01
9.163833856582641602e-01
9.459375739097595215e-01
9.574145078659057617e-01
9.230028390884399414e-01
9.067136645317077637e-01
9.473452568054199219e-01
9.387200474739074707e-01
9.267444610595703125e-01
9.136858582496643066e-01
9.470492005348205566e-01
9.526770710945129395e-01
9.461835622787475586e-01
9.348503351211547852e-01
9.181370735168457031e-01
9.131429195404052734e-01
9.226121902465820312e-01
9.057974815368652344e-01
9.600237011909484863e-01
9.642611742019653320e-01
9.244773387908935547e-01
9.691849946975708008e-01
9.195914268493652344e-01
9.423629045486450195e-01
9.327307939529418945e-01
9.584370255470275879e-01
9.405208826065063477e-01
9.352681636810302734e-01
9.565078020095825195e-01
9.433424472808837891e-01
9.322617053985595703e-01
9.578902125358581543e-01
9.418091177940368652e-01
9.387485384941101074e-01
9.502886533737182617e-01
9.302923679351806641e-01
9.532383680343627930e-01
9.335896968841552734e-01
9.586741924285888672e-01
9.211648702621459961e-01
9.140984416007995605e-01
9.326397180557250977e-01
9.072155952453613281e-01
9.539834260940551758e-01
9.584269523620605469e-01
9.770656824111938477e-01
8.878848552703857422e-01
9.251488447189331055e-01
9.335132837295532227e-01
9.516320228576660156e-01
9.399347305297851562e-01
9.516572356224060059e-01
9.049493670463562012e-01
9.370871782302856445e-01
9.435384869575500488e-01
9.676687717437744141e-01
9.373987913131713867e-01
9.368733763694763184e-01
9.456257224082946777e-01
9.436656236648559570e-01
9.429981708526611328e-01
9.672647714614868164e-01
9.432004690170288086e-01
9.396094083786010742e-01
9.286013841629028320e-01
9.409189224243164062e-01
9.411860704421997070e-01
9.311798214912414551e-01
9.454047083854675293e-01
9.399987459182739258e-01
9.276384115219116211e-01
9.469302296638488770e-01
9.502352476119995117e-01
9.311398267745971680e-01
9.285392165184020996e-01
9.388568401336669922e-01
9.515215158462524414e-01
9.288735389709472656e-01
9.647620916366577148e-01
9.587586522102355957e-01
9.404106140136718750e-01
9.234981536865234375e-01
9.296536445617675781e-01
9.093673229217529297e-01
9.230744838714599609e-01
9.239917993545532227e-01
9.568042159080505371e-01
9.456276297569274902e-01
9.438629150390625000e-01
9.299752712249755859e-01
9.649212360382080078e-01
9.256903529167175293e-01
9.276683926582336426e-01
9.387112855911254883e-01
9.243931770324707031e-01
9.498314857482910156e-01
9.266672134399414062e-01
9.344390630722045898e-01
9.508377313613891602e-01
9.104075431823730469e-01
9.269226789474487305e-01
9.141749143600463867e-01
9.470094442367553711e-01
9.538937807083129883e-01
9.348912239074707031e-01
9.332553148269653320e-01
9.223605394363403320e-01
9.287691116333007812e-01
9.408054351806640625e-01
8.991007804870605469e-01
9.185104370117187500e-01
9.375779628753662109e-01
9.417856931686401367e-01
9.446407556533813477e-01
9.371723532676696777e-01
9.604604244232177734e-01
9.544036388397216797e-01
9.388530254364013672e-01
9.413684606552124023e-01
