7.890937328338623047e-01
7.843459844589233398e-01
7.884597182273864746e-01
7.739210128784179688e-01
7.731497287750244141e-01
7.659653425216674805e-01
7.812083959579467773e-01
7.967208623886108398e-01
7.795749306678771973e-01
7.958364486694335938e-01
7.848543524742126465e-01
7.958332896232604980e-01
7.846090793609619141e-01
7.732126116752624512e-01
7.796958088874816895e-01
7.727371454238891602e-01
7.744236588478088379e-01
7.902189493179321289e-01
7.815109491348266602e-01
7.733315229415893555e-01
7.726929783821105957e-01
7.589100599288940430e-01
7.698618173599243164e-01
7.946592569351196289e-01
7.939901351928710938e-01
7.753599882125854492e-01
7.732797265052795410e-01
7.806231975555419922e-01
7.708290815353393555e-01
7.859314680099487305e-01
8.069370985031127930e-01
7.823030948638916016e-01
7.865214347839355469e-01
7.822353243827819824e-01
7.683058977127075195e-01
7.834248542785644531e-01
7.790449857711791992e-01
7.598763704299926758e-01
7.685307860374450684e-01
7.894225716590881348e-01
7.789342403411865234e-01
7.894951701164245605e-01
7.815259099006652832e-01
7.879397273063659668e-01
7.931289076805114746e-01
7.727052569389343262e-01
7.763947248458862305e-01
7.856265902519226074e-01
7.836521863937377930e-01
7.799292206764221191e-01
7.865921258926391602e-01
7.733741998672485352e-01
7.837971448898315430e-01
7.895179986953735352e-01
7.668924331665039062e-01
8.041360378265380859e-01
7.566148042678833008e-01
7.712347507476806641e-01
7.727802991867065430e-01
7.645471096038818359e-01
7.945914268493652344e-01
7.704087495803833008e-01
7.908855676651000977e-01
7.996493577957153320e-01
7.658066749572753906e-01
7.891683578491210938e-01
7.819876074790954590e-01
7.850633859634399414e-01
7.841532826423645020e-01
7.802389264106750488e-01
7.874060869216918945e-01
7.875931859016418457e-01
7.777255773544311523e-01
7.899127602577209473e-01
7.683909535408020020e-01
7.767046689987182617e-01
7.864793539047241211e-01
7.913144826889038086e-01
7.734181880950927734e-01
7.749348878860473633e-01
7.786797285079956055e-01
7.831104993820190430e-01
7.759132385253906250e-01
7.687109112739562988e-01
8.007524013519287109e-01
7.923287749290466309e-01
7.874329090118408203e-01
7.614182233810424805e-01
7.754923105239868164e-01
7.848278284072875977e-01
7.726514339447021484e-01
7.950305938720703125e-01
7.896003723144531250e-01
7.838971018791198730e-01
7.881478667259216309e-01
7.692337036132812500e-01
8.013645410537719727e-01
7.871242761611938477e-01
7.903779149055480957e-01
7.881585359573364258e-01
7.885447740554809570e-01
7.768898010253906250e-01
7.771962881088256836e-01
7.903668284416198730e-01
7.794794440269470215e-01
7.833198904991149902e-01
7.865097522735595703e-01
7.698876857757568359e-01
7.859557867050170898e-01
7.911748886108398438e-01
7.952539324760437012e-01
7.930641174316406250e-01
7.665694952011108398e-01
7.877393960952758789e-01
7.726569771766662598e-01
7.807574272155761719e-01
7.776458263397216797e-01
7.674003839492797852e-01
7.737507820129394531e-01
7.689856290817260742e-01
7.825303673744201660e-01
7.858498096466064453e-01
7.722716927528381348e-01
7.797986268997192383e-01
7.799816131591796875e-01
7.804321050643920898e-01
7.779269814491271973e-01
7.902828454971313477e-01
7.790970802307128906e-01
7.802693247795104980e-01
7.782052755355834961e-01
7.838167548179626465e-01
7.798279523849487305e-01
7.789323925971984863e-01
7.907925844192504883e-01
7.829973101615905762e-01
7.688524723052978516e-01
7.843327522277832031e-01
7.794841527938842773e-01
7.891863584518432617e-01
7.709046602249145508e-01
7.803425788879394531e-01
7.717217206954956055e-01
8.007979393005371094e-01
8.022686839103698730e-01
7.755674123764038086e-01
8.079189658164978027e-01
7.665042877197265625e-01
7.833242416381835938e-01
7.893217802047729492e-01
7.768597602844238281e-01
7.913033962249755859e-01
7.882083058357238770e-01
8.020275235176086426e-01
7.668002843856811523e-01
7.781314849853515625e-01
7.940738201141357422e-01
7.825289964675903320e-01
7.953398227691650391e-01
7.833102345466613770e-01
7.758789658546447754e-01
7.993666529655456543e-01
7.956927418708801270e-01
7.711433172225952148e-01
8.031502962112426758e-01
8.097159266471862793e-01
7.987302541732788086e-01
7.925709486007690430e-01
7.919086813926696777e-01
7.706993818283081055e-01
7.884746789932250977e-01
7.954181432723999023e-01
7.870584726333618164e-01
7.891007661819458008e-01
7.928378582000732422e-01
8.039847612380981445e-01
7.835770845413208008e-01
7.713523507118225098e-01
7.731090784072875977e-01
7.813985347747802734e-01
7.818905115127563477e-01
7.786672115325927734e-01
7.572853565216064453e-01
7.774566411972045898e-01
7.887124419212341309e-01
7.797975540161132812e-01
7.892273664474487305e-01
7.965406775474548340e-01
7.805253267288208008e-01
7.893785238265991211e-01
7.880963683128356934e-01
7.658692598342895508e-01
7.719827890396118164e-01
7.879586219787597656e-01
7.764291763305664062e-01
7.808677554130554199e-01
7.859470844268798828e-01
7.913571000099182129e-01
7.614564895629882812e-01
7.856675386428833008e-01
8.032419681549072266e-01
7.893840074539184570e-01
7.933247685432434082e-01
7.639955878257751465e-01
7.899336814880371094e-01
7.742833495140075684e-01
7.874640226364135742e-01
7.782714366912841797e-01
7.945764064788818359e-01
7.816735506057739258e-01
7.834432125091552734e-01
7.995120286941528320e-01
7.929314374923706055e-01
8.121876716613769531e-01
7.818808555603027344e-01
7.828209400177001953e-01
7.858397960662841797e-01
7.676511406898498535e-01
7.902386188507080078e-01
7.862782478332519531e-01
7.605797648429870605e-01
7.701042890548706055e-01
7.842842340469360352e-01
7.685030698776245117e-01
7.858718633651733398e-01
7.803679704666137695e-01
7.848929166793823242e-01
7.857170104980468750e-01
7.791466712951660156e-01
7.634351849555969238e-01
7.735849618911743164e-01
7.734645605087280273e-01
7.823934555053710938e-01
7.804014682769775391e-01
7.693027257919311523e-01
7.741546630859375000e-01
7.706993818283081055e-01
7.879935503005981445e-01
7.824175357818603516e-01
7.800072431564331055e-01
7.915635704994201660e-01
7.642553448677062988e-01
7.863597869873046875e-01
8.030802607536315918e-01
8.005199432373046875e-01
7.705526351928710938e-01
7.831460237503051758e-01
7.802069187164306641e-01
7.699522972106933594e-01
7.863631248474121094e-01
7.756605744361877441e-01
7.919405698776245117e-01
7.728380560874938965e-01
7.930128574371337891e-01
7.775910496711730957e-01
7.962551116943359375e-01
7.751747965812683105e-01
7.688185572624206543e-01
7.761793136596679688e-01
7.944664359092712402e-01
7.789721488952636719e-01
7.876263260841369629e-01
7.741596102714538574e-01
7.822016477584838867e-01
7.801495790481567383e-01
7.766640186309814453e-01
7.826621532440185547e-01
7.817344665527343750e-01
7.954294681549072266e-01
7.676229476928710938e-01
7.869496941566467285e-01
7.749951481819152832e-01
7.783766388893127441e-01
7.921415567398071289e-01
7.925466299057006836e-01
8.006204366683959961e-01
7.793486714363098145e-01
7.848053574562072754e-01
7.902017831802368164e-01
7.743774056434631348e-01
7.689279317855834961e-01
7.825810909271240234e-01
7.755023241043090820e-01
7.659596800804138184e-01
7.845364212989807129e-01
7.850874662399291992e-01
8.017047047615051270e-01
7.865027189254760742e-01
7.740932106971740723e-01
7.784120440483093262e-01
7.806762456893920898e-01
7.761330008506774902e-01
7.776196599006652832e-01
7.883370518684387207e-01
7.709834575653076172e-01
8.045076131820678711e-01
7.946329116821289062e-01
7.734606266021728516e-01
7.815613746643066406e-01
7.984885573387145996e-01
8.013048171997070312e-01
7.959619760513305664e-01
8.051521778106689453e-01
7.872056961059570312e-01
7.718350887298583984e-01
7.913708686828613281e-01
7.863216400146484375e-01
7.874561548233032227e-01
7.965288162231445312e-01
7.869230508804321289e-01
7.893859148025512695e-01
7.711521983146667480e-01
7.823679447174072266e-01
7.962498068809509277e-01
7.692448496818542480e-01
7.923378944396972656e-01
7.923914194107055664e-01
7.895631790161132812e-01
7.938939332962036133e-01
8.082336783409118652e-01
7.871122360229492188e-01
7.937850952148437500e-01
7.908202409744262695e-01
7.797945737838745117e-01
7.991439700126647949e-01
7.719182968139648438e-01
8.018145561218261719e-01
7.964853048324584961e-01
7.974855899810791016e-01
7.818515300750732422e-01
7.983441352844238281e-01
7.819042205810546875e-01
7.947732210159301758e-01
7.957226634025573730e-01
7.934468984603881836e-01
7.745563387870788574e-01
7.872653007507324219e-01
7.974673509597778320e-01
7.861629724502563477e-01
7.932317256927490234e-01
7.869504094123840332e-01
8.005656003952026367e-01
7.903437614440917969e-01
7.774467468261718750e-01
7.873789072036743164e-01
7.869632244110107422e-01
7.874459028244018555e-01
7.978316545486450195e-01
7.837648391723632812e-01
7.846405506134033203e-01
7.808148860931396484e-01
8.014835119247436523e-01
8.100111484527587891e-01
7.785310745239257812e-01
7.905591726303100586e-01
7.846760749816894531e-01
7.779725790023803711e-01
7.825142741203308105e-01
7.883907556533813477e-01
7.845565080642700195e-01
7.743523716926574707e-01
8.087068796157836914e-01
7.917557954788208008e-01
7.894902229309082031e-01
7.893025875091552734e-01
7.710224390029907227e-01
7.801321744918823242e-01
7.834938764572143555e-01
7.819706201553344727e-01
7.824986577033996582e-01
7.817628383636474609e-01
7.849857807159423828e-01
7.641565799713134766e-01
7.871961593627929688e-01
8.063253164291381836e-01
8.018084168434143066e-01
7.946273684501647949e-01
7.826039791107177734e-01
7.963492870330810547e-01
7.909503579139709473e-01
7.828968167304992676e-01
7.788869142532348633e-01
7.850013971328735352e-01
7.736108303070068359e-01
7.724949717521667480e-01
7.746310830116271973e-01
7.832834124565124512e-01
7.691708803176879883e-01
7.859141826629638672e-01
7.806787490844726562e-01
7.903125286102294922e-01
7.827408313751220703e-01
8.044044375419616699e-01
7.743965387344360352e-01
7.697917222976684570e-01
7.841564416885375977e-01
7.965286970138549805e-01
7.714914083480834961e-01
7.788074016571044922e-01
7.605240941047668457e-01
8.016496896743774414e-01
8.074738979339599609e-01
7.691816091537475586e-01
7.781153917312622070e-01
7.752931714057922363e-01
8.104984760284423828e-01
7.639183998107910156e-01
7.734778523445129395e-01
7.869780063629150391e-01
8.009970188140869141e-01
7.855022549629211426e-01
7.765335440635681152e-01
7.871229648590087891e-01
8.062781691551208496e-01
7.886818647384643555e-01
7.761780023574829102e-01
7.593879699707031250e-01
7.942981719970703125e-01
8.039282560348510742e-01
7.942947149276733398e-01
7.923531532287597656e-01
7.966070175170898438e-01
7.914428710937500000e-01
7.836935520172119141e-01
7.901173830032348633e-01
7.902982234954833984e-01
7.767070531845092773e-01
8.004766106605529785e-01
7.827265262603759766e-01
7.834439277648925781e-01
7.576963901519775391e-01
7.969150543212890625e-01
7.830286622047424316e-01
7.817295193672180176e-01
7.851915359497070312e-01
7.978189587593078613e-01
7.923296689987182617e-01
7.707637548446655273e-01
7.835388183593750000e-01
7.866338491439819336e-01
7.940343618392944336e-01
7.938864231109619141e-01
8.022847175598144531e-01
7.664483189582824707e-01
7.789013385772705078e-01
7.915401458740234375e-01
7.928127050399780273e-01
7.952188253402709961e-01
7.982432842254638672e-01
7.960456609725952148e-01
7.873976230621337891e-01
7.907000780105590820e-01
7.742533683776855469e-01
7.927881479263305664e-01
7.504251003265380859e-01
7.832311391830444336e-01
7.771151065826416016e-01
7.982999086380004883e-01
7.968051433563232422e-01
7.814218997955322266e-01
7.984421253204345703e-01
7.836316823959350586e-01
7.944767475128173828e-01
7.662775516510009766e-01
7.552902698516845703e-01
7.863918542861938477e-01
7.775412797927856445e-01
7.871028184890747070e-01
7.839699983596801758e-01
7.966570258140563965e-01
7.763450145721435547e-01
7.839519381523132324e-01
7.719064950942993164e-01
7.716785669326782227e-01
7.885957956314086914e-01
7.601816058158874512e-01
7.943509817123413086e-01
8.063628673553466797e-01
7.777444124221801758e-01
7.859698534011840820e-01
7.722727060317993164e-01
7.925343513488769531e-01
7.671823501586914062e-01
7.961356639862060547e-01
7.982214689254760742e-01
7.709897756576538086e-01
7.766705751419067383e-01
7.805712223052978516e-01
7.928410768508911133e-01
7.564331889152526855e-01
7.851523756980895996e-01
7.733332514762878418e-01
7.945077419281005859e-01
7.731722593307495117e-01
7.726628780364990234e-01
7.891559004783630371e-01
8.016068339347839355e-01
7.896702885627746582e-01
7.898524999618530273e-01
7.800399065017700195e-01
7.712140083312988281e-01
7.815189361572265625e-01
7.699294686317443848e-01
7.900491952896118164e-01
7.754763364791870117e-01
7.668420076370239258e-01
7.946357131004333496e-01
7.830370664596557617e-01
7.659336328506469727e-01
7.809201478958129883e-01
7.881305813789367676e-01
7.777354717254638672e-01
7.784547805786132812e-01
7.774555683135986328e-01
7.695934176445007324e-01
7.902165651321411133e-01
7.956247329711914062e-01
7.862257957458496094e-01
7.935702800750732422e-01
7.951298952102661133e-01
7.958430051803588867e-01
7.961669564247131348e-01
7.811684608459472656e-01
7.977210283279418945e-01
7.841233015060424805e-01
7.963517904281616211e-01
7.828422784805297852e-01
7.889610528945922852e-01
8.014810681343078613e-01
7.888323068618774414e-01
7.950147986412048340e-01
7.735452651977539062e-01
7.688396573066711426e-01
7.684707641601562500e-01
7.809206843376159668e-01
7.860922813415527344e-01
7.802481651306152344e-01
7.936789989471435547e-01
7.715268135070800781e-01
7.917698621749877930e-01
7.810977697372436523e-01
7.724005579948425293e-01
7.862296104431152344e-01
7.802028656005859375e-01
7.834694385528564453e-01
7.776715755462646484e-01
7.721388936042785645e-01
7.767307162284851074e-01
7.889171838760375977e-01
7.940734624862670898e-01
8.009911179542541504e-01
7.846407890319824219e-01
7.941054701805114746e-01
7.655196785926818848e-01
7.844716310501098633e-01
7.707727551460266113e-01
7.878973484039306641e-01
7.921124696731567383e-01
7.851972579956054688e-01
7.625077962875366211e-01
7.816715240478515625e-01
7.763061523437500000e-01
7.905447483062744141e-01
7.749960422515869141e-01
7.975537776947021484e-01
7.891392707824707031e-01
7.872273325920104980e-01
7.809094190597534180e-01
7.744545340538024902e-01
7.969480752944946289e-01
7.998817563056945801e-01
7.905681729316711426e-01
7.788398265838623047e-01
7.864620685577392578e-01
7.741591930389404297e-01
7.908163070678710938e-01
7.751877307891845703e-01
7.768689393997192383e-01
7.898863554000854492e-01
7.920945286750793457e-01
7.888103723526000977e-01
7.765530347824096680e-01
7.829190492630004883e-01
7.922816276550292969e-01
7.840304970741271973e-01
7.863634824752807617e-01
7.832790613174438477e-01
7.892140150070190430e-01
7.950559854507446289e-01
7.993081212043762207e-01
7.840468287467956543e-01
7.815289497375488281e-01
7.839929461479187012e-01
7.941321730613708496e-01
7.714712619781494141e-01
7.812171578407287598e-01
7.887756228446960449e-01
7.784336805343627930e-01
7.841429114341735840e-01
7.863816022872924805e-01
7.736124992370605469e-01
7.838523387908935547e-01
7.957721948623657227e-01
7.990604639053344727e-01
7.791438698768615723e-01
7.860865592956542969e-01
7.693617343902587891e-01
7.742057442665100098e-01
7.813930511474609375e-01
7.713791131973266602e-01
7.901317477226257324e-01
7.820392251014709473e-01
7.824593782424926758e-01
7.947703599929809570e-01
7.845616340637207031e-01
7.883303761482238770e-01
7.808980941772460938e-01
7.639579772949218750e-01
7.828419208526611328e-01
7.852433919906616211e-01
7.816790938377380371e-01
7.833311557769775391e-01
7.778133749961853027e-01
7.935595512390136719e-01
7.870672345161437988e-01
7.789812088012695312e-01
7.928485870361328125e-01
7.919891476631164551e-01
7.947058677673339844e-01
7.882454395294189453e-01
7.654346227645874023e-01
7.962800264358520508e-01
7.775959968566894531e-01
7.833923101425170898e-01
7.806271910667419434e-01
7.970765829086303711e-01
7.781038880348205566e-01
7.756990194320678711e-01
7.803606986999511719e-01
7.813321352005004883e-01
7.735327482223510742e-01
7.864291667938232422e-01
8.054312467575073242e-01
7.740862369537353516e-01
7.785399556159973145e-01
7.856675982475280762e-01
7.846349477767944336e-01
7.688031196594238281e-01
7.834872007369995117e-01
7.875151038169860840e-01
7.895687818527221680e-01
7.868931889533996582e-01
7.792461514472961426e-01
7.935905456542968750e-01
7.803413867950439453e-01
7.702720761299133301e-01
7.896720170974731445e-01
7.799106240272521973e-01
7.885380983352661133e-01
7.834801673889160156e-01
7.923610806465148926e-01
7.812426090240478516e-01
7.832943201065063477e-01
7.893512248992919922e-01
7.769953012466430664e-01
7.810083031654357910e-01
7.841188311576843262e-01
7.839146852493286133e-01
7.788717746734619141e-01
7.891917228698730469e-01
7.985043525695800781e-01
7.807353734970092773e-01
7.930057644844055176e-01
7.772886753082275391e-01
7.898628115653991699e-01
7.755266427993774414e-01
7.826566696166992188e-01
7.971692085266113281e-01
8.074908256530761719e-01
7.884521484375000000e-01
8.026010990142822266e-01
7.743259072303771973e-01
7.744370698928833008e-01
7.937316894531250000e-01
7.975208759307861328e-01
7.803525924682617188e-01
7.887510061264038086e-01
7.843878269195556641e-01
7.624100446701049805e-01
7.675864696502685547e-01
7.746632099151611328e-01
7.755175828933715820e-01
7.999380826950073242e-01
8.016151189804077148e-01
7.782543897628784180e-01
7.895263433456420898e-01
7.967765331268310547e-01
7.714226245880126953e-01
7.763042449951171875e-01
7.989645004272460938e-01
7.851839065551757812e-01
7.961097359657287598e-01
7.773321270942687988e-01
7.962905764579772949e-01
7.642631530761718750e-01
7.843286991119384766e-01
7.819199562072753906e-01
7.763923406600952148e-01
7.772864103317260742e-01
7.678231000900268555e-01
7.662799954414367676e-01
7.768720388412475586e-01
7.933533191680908203e-01
7.941177487373352051e-01
7.917882800102233887e-01
7.798154354095458984e-01
7.802653312683105469e-01
7.871631383895874023e-01
7.784917354583740234e-01
7.880077958106994629e-01
7.786318063735961914e-01
7.731455564498901367e-01
7.803077697753906250e-01
7.843601703643798828e-01
7.933852076530456543e-01
7.875441312789916992e-01
7.813283205032348633e-01
7.828530073165893555e-01
7.838338017463684082e-01
7.735674381256103516e-01
7.914041280746459961e-01
7.642250061035156250e-01
7.823897600173950195e-01
7.820653319358825684e-01
7.775157094001770020e-01
7.808375954627990723e-01
7.544361948966979980e-01
7.979088425636291504e-01
7.837892770767211914e-01
7.962706089019775391e-01
7.818596959114074707e-01
7.853690385818481445e-01
7.770430445671081543e-01
7.742316722869873047e-01
7.826775908470153809e-01
7.877812385559082031e-01
7.841244935989379883e-01
7.810597419738769531e-01
7.812889814376831055e-01
7.838321924209594727e-01
7.865136265754699707e-01
7.949005365371704102e-01
7.869502305984497070e-01
7.821575403213500977e-01
7.852591276168823242e-01
7.733896970748901367e-01
7.826395034790039062e-01
7.748483419418334961e-01
7.828065752983093262e-01
7.912543416023254395e-01
7.788051366806030273e-01
7.788260579109191895e-01
7.860016822814941406e-01
7.864273786544799805e-01
7.989791631698608398e-01
7.846237421035766602e-01
7.873684167861938477e-01
7.858303189277648926e-01
7.822145223617553711e-01
8.006505966186523438e-01
7.664748430252075195e-01
7.851910591125488281e-01
7.966419458389282227e-01
7.778528928756713867e-01
7.917202711105346680e-01
7.706154584884643555e-01
7.770825028419494629e-01
7.762222886085510254e-01
7.970988154411315918e-01
7.770665884017944336e-01
7.962123155593872070e-01
7.869250774383544922e-01
7.824370861053466797e-01
7.810435891151428223e-01
7.826154828071594238e-01
7.960525751113891602e-01
7.880104780197143555e-01
7.868155241012573242e-01
7.824601531028747559e-01
7.985650897026062012e-01
7.999324798583984375e-01
7.748386859893798828e-01
7.825299501419067383e-01
7.801525592803955078e-01
8.022713661193847656e-01
7.915003299713134766e-01
7.847486138343811035e-01
7.655527591705322266e-01
7.817516326904296875e-01
7.813264131546020508e-01
7.789484858512878418e-01
7.811729907989501953e-01
7.732761502265930176e-01
8.098924160003662109e-01
7.734392881393432617e-01
7.937725782394409180e-01
7.720732688903808594e-01
8.067457675933837891e-01
7.717275023460388184e-01
7.691851854324340820e-01
7.764195799827575684e-01
7.806799411773681641e-01
7.912609577178955078e-01
7.842230200767517090e-01
7.916567921638488770e-01
7.889318466186523438e-01
7.911812067031860352e-01
7.846280336380004883e-01
8.065080642700195312e-01
7.827105522155761719e-01
7.834028005599975586e-01
7.840843200683593750e-01
7.879813909530639648e-01
8.014335036277770996e-01
7.878425121307373047e-01
7.692087888717651367e-01
7.885621190071105957e-01
7.667014598846435547e-01
7.909007072448730469e-01
7.629659175872802734e-01
7.854584455490112305e-01
7.668846845626831055e-01
7.819732427597045898e-01
7.804664969444274902e-01
7.921978235244750977e-01
7.803522944450378418e-01
7.716639041900634766e-01
7.902114391326904297e-01
7.805886268615722656e-01
7.828427553176879883e-01
7.884649038314819336e-01
7.819607853889465332e-01
7.903798818588256836e-01
7.595492601394653320e-01
7.919186949729919434e-01
7.925565838813781738e-01
7.675983905792236328e-01
7.650706768035888672e-01
7.836344242095947266e-01
7.837562561035156250e-01
7.665076255798339844e-01
7.566396594047546387e-01
7.896206974983215332e-01
7.911193370819091797e-01
7.735167741775512695e-01
7.745984792709350586e-01
8.051642179489135742e-01
7.946330904960632324e-01
7.809311747550964355e-01
7.785304784774780273e-01
7.750152349472045898e-01
7.616628408432006836e-01
7.781819701194763184e-01
7.791246175765991211e-01
7.848906517028808594e-01
7.725632190704345703e-01
7.813875675201416016e-01
7.856217622756958008e-01
7.785291671752929688e-01
7.927781939506530762e-01
7.869164347648620605e-01
7.809184789657592773e-01
7.803303599357604980e-01
7.733311057090759277e-01
7.761462926864624023e-01
7.810876369476318359e-01
8.004696369171142578e-01
7.835856676101684570e-01
7.645295262336730957e-01
7.795764207839965820e-01
8.001840710639953613e-01
7.810175418853759766e-01
7.798025012016296387e-01
7.847148776054382324e-01
7.697317600250244141e-01
7.826898694038391113e-01
7.476775646209716797e-01
7.758376002311706543e-01
7.830300927162170410e-01
7.849167585372924805e-01
8.061413168907165527e-01
7.896577715873718262e-01
7.779023647308349609e-01
7.892938256263732910e-01
7.811923027038574219e-01
7.889505624771118164e-01
7.548637390136718750e-01
7.956442832946777344e-01
7.667099237442016602e-01
7.992997169494628906e-01
7.660242319107055664e-01
7.757170796394348145e-01
7.835035324096679688e-01
7.774628996849060059e-01
7.882007956504821777e-01
7.991394996643066406e-01
7.915571331977844238e-01
7.916483879089355469e-01
7.756880521774291992e-01
7.926188111305236816e-01
7.939269542694091797e-01
7.893027067184448242e-01
7.895311713218688965e-01
7.851155996322631836e-01
7.975217103958129883e-01
7.773345708847045898e-01
7.685418128967285156e-01
7.842803001403808594e-01
7.740864157676696777e-01
7.851316928863525391e-01
7.844375371932983398e-01
7.767454385757446289e-01
7.964698076248168945e-01
7.642761468887329102e-01
7.864365577697753906e-01
7.871139049530029297e-01
7.798689007759094238e-01
7.789954543113708496e-01
7.846392393112182617e-01
7.773032784461975098e-01
7.928409576416015625e-01
7.914348244667053223e-01
7.919390797615051270e-01
7.714816331863403320e-01
7.753599286079406738e-01
8.121901750564575195e-01
7.744088172912597656e-01
7.767390012741088867e-01
7.901380658149719238e-01
8.019883036613464355e-01
7.592962384223937988e-01
7.904034852981567383e-01
7.778214216232299805e-01
7.726669311523437500e-01
7.823934555053710938e-01
7.751302123069763184e-01
7.794443368911743164e-01
7.912867069244384766e-01
7.920664548873901367e-01
7.892765998840332031e-01
8.002721071243286133e-01
7.940999865531921387e-01
7.660716176033020020e-01
7.920849919319152832e-01
7.888381481170654297e-01
7.754880189895629883e-01
7.918572425842285156e-01
7.867681980133056641e-01
7.748540639877319336e-01
7.833575010299682617e-01
7.919420003890991211e-01
7.751148939132690430e-01
7.658582329750061035e-01
7.883452177047729492e-01
7.747189998626708984e-01
7.769797444343566895e-01
7.793446183204650879e-01
7.841618657112121582e-01
7.814508080482482910e-01
7.753732800483703613e-01
8.042541742324829102e-01
7.861102819442749023e-01
7.766443490982055664e-01
8.018330335617065430e-01
7.961048483848571777e-01
7.931694984436035156e-01
7.997865676879882812e-01
7.702596187591552734e-01
7.895525693893432617e-01
7.798305749893188477e-01
7.754527330398559570e-01
7.862955331802368164e-01
7.827891111373901367e-01
7.815793156623840332e-01
7.872846126556396484e-01
7.944191694259643555e-01
7.886049151420593262e-01
7.783159017562866211e-01
7.923868298530578613e-01
7.844724655151367188e-01
7.882157564163208008e-01
7.878180742263793945e-01
7.807259559631347656e-01
7.752236127853393555e-01
7.822822928428649902e-01
7.747061252593994141e-01
7.872095704078674316e-01
7.874962091445922852e-01
7.737811803817749023e-01
7.812049388885498047e-01
7.620100378990173340e-01
7.826764583587646484e-01
7.818624377250671387e-01
7.836712598800659180e-01
8.011734485626220703e-01
7.753016948699951172e-01
7.809260487556457520e-01
7.814731597900390625e-01
7.878189086914062500e-01
7.751048803329467773e-01
7.789740562438964844e-01
7.902947664260864258e-01
7.790445089340209961e-01
7.968676090240478516e-01
7.820072174072265625e-01
8.043096065521240234e-01
7.647301554679870605e-01
7.759287953376770020e-01
7.993462085723876953e-01
7.959697842597961426e-01
7.811454534530639648e-01
7.944095134735107422e-01
7.883081436157226562e-01
7.859040498733520508e-01
7.958887219429016113e-01
7.942606806755065918e-01
7.813444137573242188e-01
7.796553969383239746e-01
8.037087917327880859e-01
7.846191525459289551e-01
7.842355966567993164e-01
7.853132486343383789e-01
7.846866846084594727e-01
7.889246940612792969e-01
7.778185606002807617e-01
7.830522656440734863e-01
7.539541125297546387e-01
7.939489483833312988e-01
7.858160734176635742e-01
7.967919707298278809e-01
7.976911067962646484e-01
7.761252522468566895e-01
7.836344242095947266e-01
7.718574404716491699e-01
7.706093788146972656e-01
7.866594791412353516e-01
7.978559732437133789e-01
7.821901440620422363e-01
7.831681966781616211e-01
7.826662063598632812e-01
7.788896560668945312e-01
7.816964387893676758e-01
7.795286178588867188e-01
7.799792289733886719e-01
7.778439521789550781e-01
7.894977927207946777e-01
7.702690362930297852e-01
7.872200012207031250e-01
7.761780619621276855e-01
7.921019196510314941e-01
7.719502449035644531e-01
7.882258892059326172e-01
7.716095447540283203e-01
7.928075194358825684e-01
7.990891933441162109e-01
7.810777425765991211e-01
7.774921655654907227e-01
7.617734074592590332e-01
7.878793478012084961e-01
7.645773291587829590e-01
7.903092503547668457e-01
7.781620025634765625e-01
7.764083147048950195e-01
7.847229242324829102e-01
7.837533950805664062e-01
7.939344644546508789e-01
7.798305153846740723e-01
7.804125547409057617e-01
7.810450792312622070e-01
7.947821617126464844e-01
7.837744951248168945e-01
7.850071191787719727e-01
7.760317921638488770e-01
7.710461616516113281e-01
7.823381423950195312e-01
7.864588499069213867e-01
7.742125988006591797e-01
7.894667387008666992e-01
7.712367177009582520e-01
7.855869531631469727e-01
7.486146688461303711e-01
7.867850065231323242e-01
7.689476609230041504e-01
7.816863059997558594e-01
7.693995237350463867e-01
7.977121472358703613e-01
7.848210930824279785e-01
7.939533591270446777e-01
7.799388170242309570e-01
7.818925380706787109e-01
7.843608260154724121e-01
7.701586484909057617e-01
7.915043234825134277e-01
7.858541607856750488e-01
7.837563753128051758e-01
7.846316099166870117e-01
8.010995984077453613e-01
7.857465744018554688e-01
7.988059520721435547e-01
7.763912677764892578e-01
7.765538692474365234e-01
7.821992635726928711e-01
7.830207347869873047e-01
7.940769195556640625e-01
7.915173172950744629e-01
7.871114015579223633e-01
7.797793745994567871e-01
7.908720970153808594e-01
7.879144549369812012e-01
7.877625226974487305e-01
7.905095815658569336e-01
7.705751657485961914e-01
7.965793013572692871e-01
7.792744636535644531e-01
7.751812934875488281e-01
7.591058015823364258e-01
7.745036482810974121e-01
7.645260095596313477e-01
7.792491316795349121e-01
7.603758573532104492e-01
7.803431749343872070e-01
7.708353996276855469e-01
7.706543207168579102e-01
7.927587032318115234e-01
7.759644985198974609e-01
7.868130803108215332e-01
7.781936526298522949e-01
7.717808485031127930e-01
7.700950503349304199e-01
7.671155929565429688e-01
7.725073099136352539e-01
7.863056063652038574e-01
7.840898633003234863e-01
7.810411453247070312e-01
7.687578201293945312e-01
7.769529819488525391e-01
7.769619226455688477e-01
7.878494262695312500e-01
7.778072953224182129e-01
7.922952175140380859e-01
7.786458134651184082e-01
7.835878133773803711e-01
8.069913983345031738e-01
7.797096967697143555e-01
7.893536090850830078e-01
7.706148624420166016e-01
7.675485610961914062e-01
7.890038490295410156e-01
7.633696794509887695e-01
7.733135223388671875e-01
7.756036520004272461e-01
7.964836359024047852e-01
7.955263257026672363e-01
7.729479074478149414e-01
7.865886688232421875e-01
7.678576707839965820e-01
8.016343116760253906e-01
7.775335907936096191e-01
7.740426063537597656e-01
7.752555608749389648e-01
7.991289496421813965e-01
7.723518013954162598e-01
8.000703454017639160e-01
7.971906065940856934e-01
7.794478535652160645e-01
7.830134630203247070e-01
7.997291088104248047e-01
7.795971632003784180e-01
7.729697823524475098e-01
7.791911363601684570e-01
7.770628929138183594e-01
7.857966423034667969e-01
7.951287031173706055e-01
7.894241809844970703e-01
7.684222459793090820e-01
7.779073715209960938e-01
7.863532304763793945e-01
7.829278707504272461e-01
8.079652786254882812e-01
7.838914990425109863e-01
7.743254899978637695e-01
7.873165607452392578e-01
7.824530005455017090e-01
7.777088880538940430e-01
7.954500913619995117e-01
7.779520750045776367e-01
7.845734953880310059e-01
7.703548669815063477e-01
7.756382226943969727e-01
7.830507755279541016e-01
7.866798043251037598e-01
7.817921042442321777e-01
7.877043485641479492e-01
8.041834235191345215e-01
8.048021197319030762e-01
7.880443334579467773e-01
7.772369384765625000e-01
7.966822385787963867e-01
7.883328199386596680e-01
7.797098159790039062e-01
7.838420271873474121e-01
7.893885970115661621e-01
7.915120124816894531e-01
7.783085107803344727e-01
7.688230872154235840e-01
7.908728122711181641e-01
7.981479763984680176e-01
7.641779184341430664e-01
7.916591167449951172e-01
7.950248122215270996e-01
7.848997116088867188e-01
7.815710306167602539e-01
7.876198291778564453e-01
7.912179231643676758e-01
7.797749042510986328e-01
7.776635885238647461e-01
7.775231003761291504e-01
7.728172540664672852e-01
7.762764692306518555e-01
7.946758866310119629e-01
7.914441227912902832e-01
7.907864451408386230e-01
7.591894865036010742e-01
7.887908220291137695e-01
7.940659523010253906e-01
7.696330547332763672e-01
7.786622047424316406e-01
7.956618070602416992e-01
7.760388255119323730e-01
7.747153043746948242e-01
7.759724259376525879e-01
7.844985127449035645e-01
7.889707088470458984e-01
7.878927588462829590e-01
7.815558910369873047e-01
7.997685670852661133e-01
7.862862348556518555e-01
7.814109325408935547e-01
7.888793945312500000e-01
7.943750619888305664e-01
7.900372743606567383e-01
7.717693448066711426e-01
8.041698932647705078e-01
7.764796018600463867e-01
7.894990444183349609e-01
7.774798274040222168e-01
8.030567169189453125e-01
7.623034715652465820e-01
7.913265824317932129e-01
7.658033967018127441e-01
7.728016972541809082e-01
7.929590940475463867e-01
7.930206060409545898e-01
7.859681844711303711e-01
7.779366970062255859e-01
8.052402138710021973e-01
7.876280546188354492e-01
7.794176340103149414e-01
7.893645763397216797e-01
7.740733623504638672e-01
7.776331901550292969e-01
7.915606498718261719e-01
7.782264947891235352e-01
7.988855838775634766e-01
7.925492525100708008e-01
7.706354856491088867e-01
7.827813625335693359e-01
7.779806852340698242e-01
7.775160074234008789e-01
7.720726728439331055e-01
7.848837971687316895e-01
7.639230489730834961e-01
7.788857221603393555e-01
7.689542770385742188e-01
7.732526659965515137e-01
7.879793643951416016e-01
7.876734733581542969e-01
7.815868854522705078e-01
8.000134825706481934e-01
7.830246686935424805e-01
7.756228446960449219e-01
7.992011308670043945e-01
7.737405896186828613e-01
7.779003977775573730e-01
7.766532301902770996e-01
7.750175595283508301e-01
7.830090522766113281e-01
7.674008011817932129e-01
7.844872474670410156e-01
7.799028158187866211e-01
8.118071556091308594e-01
7.687838077545166016e-01
8.043526411056518555e-01
7.830221652984619141e-01
7.735849618911743164e-01
7.793216109275817871e-01
7.680545449256896973e-01
7.934790849685668945e-01
7.712630033493041992e-01
7.834547758102416992e-01
8.018188476562500000e-01
7.616579532623291016e-01
7.753893136978149414e-01
7.561224699020385742e-01
7.937147617340087891e-01
7.708364725112915039e-01
7.994685173034667969e-01
7.625325918197631836e-01
7.798979282379150391e-01
7.811356782913208008e-01
7.825433015823364258e-01
7.767003178596496582e-01
7.966926097869873047e-01
7.969697713851928711e-01
7.733595371246337891e-01
7.794723510742187500e-01
7.835465669631958008e-01
7.812116742134094238e-01
7.716951370239257812e-01
7.666951417922973633e-01
7.917392253875732422e-01
7.692749500274658203e-01
7.897086143493652344e-01
7.689375877380371094e-01
7.898668050765991211e-01
7.911095619201660156e-01
7.669625282287597656e-01
8.093305826187133789e-01
7.700190544128417969e-01
7.924436926841735840e-01
7.893123030662536621e-01
7.657161951065063477e-01
7.898709774017333984e-01
7.828260064125061035e-01
7.654467821121215820e-01
7.918890714645385742e-01
7.823859453201293945e-01
8.091836571693420410e-01
7.725501656532287598e-01
7.865287065505981445e-01
7.702165246009826660e-01
8.039432764053344727e-01
7.852360010147094727e-01
7.754801511764526367e-01
7.868043184280395508e-01
7.750193476676940918e-01
7.830286026000976562e-01
7.841686010360717773e-01
7.720776796340942383e-01
7.795667648315429688e-01
7.668427824974060059e-01
8.005836606025695801e-01
7.819582223892211914e-01
7.860573530197143555e-01
7.926467657089233398e-01
7.900410890579223633e-01
7.781919240951538086e-01
7.884744405746459961e-01
7.915109395980834961e-01
7.835009098052978516e-01
7.842189669609069824e-01
7.629719376564025879e-01
7.937822937965393066e-01
7.881304025650024414e-01
7.768929004669189453e-01
7.748211622238159180e-01
7.888800501823425293e-01
7.779099345207214355e-01
7.856262326240539551e-01
7.891784906387329102e-01
7.708302736282348633e-01
7.786930799484252930e-01
7.877283096313476562e-01
7.954963445663452148e-01
7.823421955108642578e-01
7.809917926788330078e-01
8.074739575386047363e-01
7.841141223907470703e-01
7.877815961837768555e-01
7.796578407287597656e-01
7.915853261947631836e-01
7.696250677108764648e-01
7.803262472152709961e-01
7.981073856353759766e-01
7.626547813415527344e-01
7.992300987243652344e-01
7.958827614784240723e-01
7.843155860900878906e-01
7.951922416687011719e-01
7.753388881683349609e-01
7.801582813262939453e-01
7.929680347442626953e-01
7.943487167358398438e-01
7.837243080139160156e-01
7.858062386512756348e-01
7.842696309089660645e-01
7.912698984146118164e-01
7.762226462364196777e-01
7.891738414764404297e-01
7.995514273643493652e-01
7.897887229919433594e-01
7.766602039337158203e-01
7.827504873275756836e-01
7.920223474502563477e-01
7.674300670623779297e-01
7.832433581352233887e-01
7.940858006477355957e-01
8.105543851852416992e-01
7.877805233001708984e-01
7.767305374145507812e-01
7.717695236206054688e-01
7.924749851226806641e-01
7.910588979721069336e-01
7.748424410820007324e-01
8.042954802513122559e-01
7.819623351097106934e-01
8.029593825340270996e-01
7.744019627571105957e-01
7.811971902847290039e-01
7.630593776702880859e-01
7.899186015129089355e-01
7.743491530418395996e-01
7.712155580520629883e-01
7.859613895416259766e-01
7.784228324890136719e-01
7.880419492721557617e-01
7.790187597274780273e-01
7.955440282821655273e-01
7.852776050567626953e-01
7.866857647895812988e-01
7.784107923507690430e-01
7.778264284133911133e-01
8.013365864753723145e-01
7.818217277526855469e-01
7.899249792098999023e-01
7.844700813293457031e-01
7.815390825271606445e-01
7.933259010314941406e-01
7.862187027931213379e-01
7.832204699516296387e-01
7.805070877075195312e-01
7.884421348571777344e-01
7.794166803359985352e-01
7.694927453994750977e-01
7.737130522727966309e-01
7.606251239776611328e-01
8.008575439453125000e-01
7.756965160369873047e-01
7.889115810394287109e-01
7.748031616210937500e-01
7.804824113845825195e-01
7.832224369049072266e-01
7.731697559356689453e-01
8.034546971321105957e-01
7.933565378189086914e-01
7.851744890213012695e-01
7.810418009757995605e-01
7.719533443450927734e-01
7.739371061325073242e-01
7.924486994743347168e-01
7.736051082611083984e-01
7.797812223434448242e-01
7.729777097702026367e-01
7.923229932785034180e-01
7.788746356964111328e-01
7.851886749267578125e-01
7.742005586624145508e-01
7.875909805297851562e-01
7.913170456886291504e-01
7.710312604904174805e-01
7.834048867225646973e-01
7.601746916770935059e-01
7.743428349494934082e-01
8.013687133789062500e-01
7.933244705200195312e-01
8.015760183334350586e-01
7.905787229537963867e-01
7.846879959106445312e-01
7.875655293464660645e-01
7.888355255126953125e-01
7.741761207580566406e-01
7.915294170379638672e-01
7.677706480026245117e-01
7.886807918548583984e-01
7.879366874694824219e-01
8.003531694412231445e-01
7.769817113876342773e-01
7.742949724197387695e-01
7.836909294128417969e-01
7.844640612602233887e-01
7.706488370895385742e-01
7.771719694137573242e-01
7.964652776718139648e-01
7.735075950622558594e-01
7.855337262153625488e-01
7.676631212234497070e-01
7.706627845764160156e-01
7.732305526733398438e-01
7.832545638084411621e-01
7.761009931564331055e-01
7.951862215995788574e-01
7.868573665618896484e-01
7.858285903930664062e-01
7.885705232620239258e-01
8.000193834304809570e-01
7.754433155059814453e-01
7.744095325469970703e-01
7.794116735458374023e-01
7.762221097946166992e-01
7.805052995681762695e-01
7.876841425895690918e-01
7.804042696952819824e-01
7.980853915214538574e-01
7.794167995452880859e-01
7.694269418716430664e-01
7.816407680511474609e-01
7.760043144226074219e-01
7.931833267211914062e-01
7.648446559906005859e-01
7.787362933158874512e-01
7.771437764167785645e-01
8.108247518539428711e-01
7.920147776603698730e-01
7.888900041580200195e-01
7.868897914886474609e-01
7.815246582031250000e-01
7.743371725082397461e-01
7.773417830467224121e-01
7.850319147109985352e-01
7.655247449874877930e-01
7.804535031318664551e-01
7.866790294647216797e-01
7.980730533599853516e-01
7.800834178924560547e-01
7.834146022796630859e-01
7.712075114250183105e-01
8.021989464759826660e-01
7.708330154418945312e-01
7.775365710258483887e-01
7.868368625640869141e-01
7.950827479362487793e-01
7.862599492073059082e-01
7.840886116027832031e-01
7.986716032028198242e-01
7.824770212173461914e-01
7.812763452529907227e-01
7.795815467834472656e-01
7.828773856163024902e-01
7.752556204795837402e-01
7.961099743843078613e-01
7.756235003471374512e-01
7.853544950485229492e-01
7.700045704841613770e-01
7.883049249649047852e-01
7.861718535423278809e-01
7.707259058952331543e-01
7.705712914466857910e-01
7.849060893058776855e-01
7.924544215202331543e-01
7.902010679244995117e-01
7.853140830993652344e-01
7.889042496681213379e-01
7.815306186676025391e-01
8.109448552131652832e-01
7.745732069015502930e-01
7.892308235168457031e-01
7.740961313247680664e-01
8.007804155349731445e-01
7.627902030944824219e-01
7.698636054992675781e-01
7.627902030944824219e-01
7.828078269958496094e-01
7.800426483154296875e-01
7.778910398483276367e-01
7.811250686645507812e-01
7.895262241363525391e-01
7.804201841354370117e-01
7.839287519454956055e-01
7.833076715469360352e-01
7.759236097335815430e-01
7.869272232055664062e-01
7.664837837219238281e-01
7.699246406555175781e-01
8.022561073303222656e-01
7.703424692153930664e-01
7.973554134368896484e-01
7.854722738265991211e-01
7.819159030914306641e-01
7.832996249198913574e-01
7.791646718978881836e-01
7.774611115455627441e-01
7.770059108734130859e-01
7.863286733627319336e-01
7.880538702011108398e-01
7.818070650100708008e-01
7.960525751113891602e-01
7.781320810317993164e-01
7.793337106704711914e-01
7.874041795730590820e-01
7.773486375808715820e-01
7.819119095802307129e-01
7.867214083671569824e-01
7.743536233901977539e-01
7.883160114288330078e-01
7.975500226020812988e-01
7.786169052124023438e-01
7.795211076736450195e-01
7.897401452064514160e-01
7.855278253555297852e-01
7.867351174354553223e-01
7.793084383010864258e-01
7.851985692977905273e-01
7.917674779891967773e-01
7.794801592826843262e-01
7.888545989990234375e-01
7.784876823425292969e-01
7.848922014236450195e-01
7.924768328666687012e-01
7.663257718086242676e-01
7.820535898208618164e-01
7.962017059326171875e-01
7.845755815505981445e-01
7.800143957138061523e-01
7.860115766525268555e-01
7.702117562294006348e-01
7.862692475318908691e-01
7.837718129158020020e-01
7.871198654174804688e-01
7.626934051513671875e-01
7.996531128883361816e-01
7.834024429321289062e-01
7.886992692947387695e-01
7.730879783630371094e-01
7.928738594055175781e-01
7.698139548301696777e-01
7.608708739280700684e-01
7.874426841735839844e-01
7.737290263175964355e-01
7.847088575363159180e-01
7.702883481979370117e-01
7.793351411819458008e-01
7.693495154380798340e-01
7.851712703704833984e-01
7.791725397109985352e-01
7.867625951766967773e-01
7.987937927246093750e-01
7.972916364669799805e-01
7.695629596710205078e-01
7.770358920097351074e-01
7.878551483154296875e-01
7.700877189636230469e-01
7.821909189224243164e-01
7.909532785415649414e-01
7.804217338562011719e-01
8.017215728759765625e-01
7.710840702056884766e-01
7.646878957748413086e-01
7.796168923377990723e-01
7.681199312210083008e-01
7.976365685462951660e-01
7.924286127090454102e-01
7.882032394409179688e-01
7.771307229995727539e-01
7.595965862274169922e-01
7.940194010734558105e-01
7.691036462783813477e-01
7.780668735504150391e-01
7.977643013000488281e-01
7.594621181488037109e-01
7.775036096572875977e-01
7.839017510414123535e-01
7.771487832069396973e-01
7.850790023803710938e-01
7.856174707412719727e-01
7.799545526504516602e-01
7.771169543266296387e-01
7.981927394866943359e-01
7.942984104156494141e-01
7.827436327934265137e-01
7.700337171554565430e-01
7.575348019599914551e-01
7.723313570022583008e-01
7.959612011909484863e-01
7.738301157951354980e-01
7.794507741928100586e-01
7.715212702751159668e-01
7.659966349601745605e-01
7.891831398010253906e-01
7.682374715805053711e-01
7.749773263931274414e-01
7.832567691802978516e-01
7.724586725234985352e-01
7.827763557434082031e-01
7.859888076782226562e-01
7.809548377990722656e-01
7.741056680679321289e-01
7.743571400642395020e-01
7.880364656448364258e-01
7.714921236038208008e-01
7.968997359275817871e-01
7.837569117546081543e-01
7.887250781059265137e-01
7.965549230575561523e-01
7.847119569778442383e-01
7.734690904617309570e-01
7.761914730072021484e-01
7.883903980255126953e-01
7.964420318603515625e-01
7.912939190864562988e-01
7.834669947624206543e-01
7.938016653060913086e-01
7.685602903366088867e-01
7.919620275497436523e-01
7.867323756217956543e-01
7.780097723007202148e-01
7.984291315078735352e-01
7.823708057403564453e-01
7.735891342163085938e-01
7.939202785491943359e-01
7.982861995697021484e-01
7.869563102722167969e-01
7.895622253417968750e-01
7.756960988044738770e-01
7.912939786911010742e-01
7.794346809387207031e-01
7.900115251541137695e-01
7.786254286766052246e-01
7.894676923751831055e-01
7.803004980087280273e-01
7.855814099311828613e-01
7.851655483245849609e-01
7.806080579757690430e-01
7.803460955619812012e-01
7.933394908905029297e-01
7.816596031188964844e-01
7.672072649002075195e-01
7.802039384841918945e-01
7.833453416824340820e-01
7.846674323081970215e-01
7.782998085021972656e-01
7.896026968955993652e-01
7.844234108924865723e-01
7.793625593185424805e-01
7.842973470687866211e-01
8.037291169166564941e-01
7.673234939575195312e-01
7.843614816665649414e-01
7.748195528984069824e-01
7.782870531082153320e-01
7.847290039062500000e-01
7.666562199592590332e-01
7.934916019439697266e-01
7.948647737503051758e-01
7.769454121589660645e-01
7.810747027397155762e-01
7.749607563018798828e-01
7.797917723655700684e-01
7.851378917694091797e-01
7.802886962890625000e-01
7.769960761070251465e-01
7.890454530715942383e-01
7.816626429557800293e-01
7.825433015823364258e-01
7.920393943786621094e-01
7.858358621597290039e-01
7.728715538978576660e-01
7.707630395889282227e-01
7.849611043930053711e-01
7.919134497642517090e-01
7.848796844482421875e-01
7.788990736007690430e-01
7.931252717971801758e-01
7.816511988639831543e-01
7.738301753997802734e-01
7.820923924446105957e-01
8.057054281234741211e-01
7.902097702026367188e-01
7.781299352645874023e-01
7.832594513893127441e-01
7.861994504928588867e-01
7.836801409721374512e-01
7.980718612670898438e-01
7.789521217346191406e-01
7.894076108932495117e-01
7.814769744873046875e-01
7.798049449920654297e-01
7.814155817031860352e-01
7.901190519332885742e-01
7.838109731674194336e-01
7.894643545150756836e-01
7.875487804412841797e-01
7.915237545967102051e-01
7.600069046020507812e-01
7.883843183517456055e-01
7.747725844383239746e-01
7.789496779441833496e-01
7.970793843269348145e-01
7.850972414016723633e-01
7.731083631515502930e-01
7.879038453102111816e-01
7.988208532333374023e-01
7.929430007934570312e-01
7.812914848327636719e-01
7.859800457954406738e-01
7.992779612541198730e-01
7.915824651718139648e-01
7.783408164978027344e-01
7.773123979568481445e-01
7.918326258659362793e-01
7.877404093742370605e-01
7.841280698776245117e-01
7.647821307182312012e-01
7.849113941192626953e-01
7.718147039413452148e-01
7.819702625274658203e-01
7.704035043716430664e-01
7.824144363403320312e-01
7.903116941452026367e-01
7.744165658950805664e-01
7.816069126129150391e-01
7.767380475997924805e-01
7.888214588165283203e-01
7.910467386245727539e-01
7.763534188270568848e-01
7.883939743041992188e-01
7.822134494781494141e-01
7.856720685958862305e-01
7.818171977996826172e-01
7.907292246818542480e-01
7.815017700195312500e-01
7.825815081596374512e-01
7.791134119033813477e-01
7.945348024368286133e-01
7.604267001152038574e-01
7.877512574195861816e-01
7.925279140472412109e-01
7.798156738281250000e-01
7.905442714691162109e-01
7.876066565513610840e-01
7.845991849899291992e-01
7.655777931213378906e-01
7.789261937141418457e-01
7.922532558441162109e-01
7.891622781753540039e-01
7.805902361869812012e-01
7.662904262542724609e-01
7.894668579101562500e-01
7.972868680953979492e-01
7.810565829277038574e-01
7.639058828353881836e-01
7.828751206398010254e-01
7.895206212997436523e-01
7.754729390144348145e-01
7.843735218048095703e-01
7.974656224250793457e-01
7.871267795562744141e-01
7.993177175521850586e-01
7.831182479858398438e-01
7.755246162414550781e-01
7.794641256332397461e-01
7.911725044250488281e-01
7.890589237213134766e-01
7.824991345405578613e-01
7.899504899978637695e-01
7.844009399414062500e-01
7.808181047439575195e-01
7.945513129234313965e-01
7.711080312728881836e-01
7.807485461235046387e-01
7.781811356544494629e-01
7.868815660476684570e-01
7.732453346252441406e-01
7.896170616149902344e-01
7.891350984573364258e-01
7.860155105590820312e-01
7.720679044723510742e-01
7.668007016181945801e-01
7.777722477912902832e-01
8.074286580085754395e-01
7.731371521949768066e-01
7.860809564590454102e-01
7.976363897323608398e-01
8.032899498939514160e-01
7.726827859878540039e-01
7.979831099510192871e-01
7.759005427360534668e-01
7.612484693527221680e-01
7.773663997650146484e-01
7.966554760932922363e-01
7.777063846588134766e-01
8.007740974426269531e-01
7.939877510070800781e-01
7.712285518646240234e-01
7.905296087265014648e-01
7.764868140220642090e-01
7.914125323295593262e-01
7.832855582237243652e-01
7.592093944549560547e-01
7.860691547393798828e-01
7.897898554801940918e-01
7.785928845405578613e-01
7.836447954177856445e-01
7.703979015350341797e-01
7.800743579864501953e-01
7.849016189575195312e-01
7.815027236938476562e-01
7.964148521423339844e-01
7.801120281219482422e-01
7.713787555694580078e-01
7.930055856704711914e-01
7.810084819793701172e-01
7.842641472816467285e-01
7.752305269241333008e-01
7.727622985839843750e-01
7.866816520690917969e-01
7.977717518806457520e-01
7.860719561576843262e-01
7.838829755783081055e-01
7.794762849807739258e-01
7.853066921234130859e-01
7.923332452774047852e-01
7.771530747413635254e-01
7.869869470596313477e-01
7.697478532791137695e-01
7.969303727149963379e-01
7.596849799156188965e-01
7.946832180023193359e-01
7.899274826049804688e-01
7.910192012786865234e-01
7.689149975776672363e-01
7.610703706741333008e-01
7.806479930877685547e-01
7.659300565719604492e-01
7.892761230468750000e-01
7.897378802299499512e-01
7.854824662208557129e-01
7.764552831649780273e-01
7.873412370681762695e-01
7.895650863647460938e-01
7.967246770858764648e-01
7.962114810943603516e-01
7.858025431632995605e-01
7.764673233032226562e-01
7.808781862258911133e-01
8.027081489562988281e-01
7.801885604858398438e-01
7.847631573677062988e-01
7.715704441070556641e-01
7.727038860321044922e-01
8.012468814849853516e-01
7.830690145492553711e-01
7.987536787986755371e-01
7.863768935203552246e-01
7.674284577369689941e-01
7.751303911209106445e-01
8.073139190673828125e-01
7.763980627059936523e-01
7.851766347885131836e-01
7.780092954635620117e-01
7.866410613059997559e-01
7.736703157424926758e-01
7.913493514060974121e-01
7.790018320083618164e-01
7.818683385848999023e-01
7.868042588233947754e-01
7.874490022659301758e-01
7.722516059875488281e-01
7.654215097427368164e-01
7.771573066711425781e-01
7.896039485931396484e-01
7.782834768295288086e-01
7.948698401451110840e-01
7.734998464584350586e-01
7.712309360504150391e-01
7.808471918106079102e-01
7.914452552795410156e-01
7.856367826461791992e-01
7.942966818809509277e-01
7.809332609176635742e-01
7.669697999954223633e-01
7.842954397201538086e-01
7.788259983062744141e-01
7.830851078033447266e-01
7.822417020797729492e-01
7.796864509582519531e-01
7.902069687843322754e-01
7.841271162033081055e-01
7.870558500289916992e-01
7.759776115417480469e-01
7.648636102676391602e-01
7.764473557472229004e-01
7.911567687988281250e-01
7.871062755584716797e-01
7.792242765426635742e-01
7.855442762374877930e-01
7.945152521133422852e-01
7.665918469429016113e-01
7.886047959327697754e-01
8.079361915588378906e-01
7.818322777748107910e-01
7.950714826583862305e-01
7.851863503456115723e-01
7.808177471160888672e-01
7.925076484680175781e-01
7.817656993865966797e-01
7.812480330467224121e-01
7.831417322158813477e-01
7.829923629760742188e-01
7.602813243865966797e-01
8.040865659713745117e-01
7.890983819961547852e-01
7.793992757797241211e-01
7.821966409683227539e-01
7.872881889343261719e-01
7.913793325424194336e-01
8.040971755981445312e-01
7.817109823226928711e-01
7.996011972427368164e-01
7.857468128204345703e-01
7.755947113037109375e-01
8.030500411987304688e-01
7.675526142120361328e-01
7.944347262382507324e-01
7.794237136840820312e-01
7.804404497146606445e-01
7.772020101547241211e-01
7.914910316467285156e-01
7.837001085281372070e-01
7.704022526741027832e-01
7.773526906967163086e-01
7.920559644699096680e-01
7.877941727638244629e-01
7.784450650215148926e-01
7.797904014587402344e-01
7.812908887863159180e-01
7.902976274490356445e-01
7.854137420654296875e-01
7.851866483688354492e-01
7.789808511734008789e-01
7.887566089630126953e-01
7.703411579132080078e-01
7.844631671905517578e-01
7.763427495956420898e-01
7.855436205863952637e-01
7.637331485748291016e-01
7.850638628005981445e-01
7.883725166320800781e-01
7.701505422592163086e-01
7.764340043067932129e-01
7.822642326354980469e-01
7.754733562469482422e-01
8.011470437049865723e-01
8.030008077621459961e-01
7.831998467445373535e-01
7.783441543579101562e-01
7.720543742179870605e-01
7.884159088134765625e-01
7.787681818008422852e-01
7.679415941238403320e-01
8.099805116653442383e-01
8.048191666603088379e-01
7.857487201690673828e-01
7.830710411071777344e-01
8.005881309509277344e-01
7.868449687957763672e-01
7.917739152908325195e-01
7.805969715118408203e-01
7.961158752441406250e-01
7.788314819335937500e-01
7.833985686302185059e-01
7.797714471817016602e-01
7.772749066352844238e-01
7.728275060653686523e-01
7.772883176803588867e-01
7.937774658203125000e-01
7.970346212387084961e-01
7.943758368492126465e-01
8.034971952438354492e-01
7.815947532653808594e-01
7.608647346496582031e-01
7.788505554199218750e-01
7.901351451873779297e-01
7.871398329734802246e-01
7.891120314598083496e-01
7.836629152297973633e-01
7.899872064590454102e-01
8.017295598983764648e-01
7.965455055236816406e-01
7.782859206199645996e-01
7.904225587844848633e-01
7.969121932983398438e-01
7.862343788146972656e-01
7.663623690605163574e-01
7.988833189010620117e-01
7.668178677558898926e-01
7.689311504364013672e-01
7.726517319679260254e-01
7.731842994689941406e-01
7.783180475234985352e-01
7.804764509201049805e-01
8.008844852447509766e-01
7.808480262756347656e-01
7.802075743675231934e-01
7.874925136566162109e-01
7.615074515342712402e-01
7.793027162551879883e-01
7.942047119140625000e-01
7.787083387374877930e-01
7.692557573318481445e-01
7.864598631858825684e-01
7.780476808547973633e-01
7.776719927787780762e-01
7.755582332611083984e-01
7.876379489898681641e-01
7.790141105651855469e-01
7.719843387603759766e-01
7.744872570037841797e-01
7.941762208938598633e-01
7.854157090187072754e-01
7.950785160064697266e-01
7.798093557357788086e-01
7.765178680419921875e-01
7.831488251686096191e-01
8.090908527374267578e-01
7.978619337081909180e-01
7.737174034118652344e-01
7.861967682838439941e-01
7.847175598144531250e-01
7.742335796356201172e-01
7.822544574737548828e-01
7.877688407897949219e-01
7.895690202713012695e-01
7.864965200424194336e-01
7.969543933868408203e-01
7.807260155677795410e-01
7.921852469444274902e-01
7.854163050651550293e-01
7.528774142265319824e-01
7.683774232864379883e-01
7.757995724678039551e-01
7.675856351852416992e-01
7.872557640075683594e-01
7.789479494094848633e-01
7.794810533523559570e-01
7.850854396820068359e-01
7.854292988777160645e-01
7.861503362655639648e-01
7.722696065902709961e-01
7.741667032241821289e-01
7.912172079086303711e-01
7.894688844680786133e-01
7.771468162536621094e-01
7.969526648521423340e-01
7.831590175628662109e-01
7.883889675140380859e-01
7.822914123535156250e-01
7.699303627014160156e-01
7.783167362213134766e-01
7.914109230041503906e-01
7.721773982048034668e-01
7.982343435287475586e-01
7.862760424613952637e-01
7.808346748352050781e-01
8.001574873924255371e-01
7.704175710678100586e-01
7.830318212509155273e-01
7.908631563186645508e-01
7.815382480621337891e-01
7.840507626533508301e-01
7.998793125152587891e-01
7.878069877624511719e-01
7.790184020996093750e-01
8.009548783302307129e-01
7.848080396652221680e-01
7.790468335151672363e-01
7.846458554267883301e-01
7.729883790016174316e-01
7.872755527496337891e-01
7.711993455886840820e-01
7.748554944992065430e-01
7.776029109954833984e-01
7.711675167083740234e-01
7.841972708702087402e-01
7.854073643684387207e-01
7.824208140373229980e-01
7.753746509552001953e-01
7.937484979629516602e-01
7.871645689010620117e-01
7.795476913452148438e-01
7.665506005287170410e-01
7.780294418334960938e-01
7.975537776947021484e-01
7.791052460670471191e-01
7.841078042984008789e-01
7.697911858558654785e-01
7.573431730270385742e-01
7.764069437980651855e-01
7.694306373596191406e-01
7.870414257049560547e-01
7.721676826477050781e-01
7.693149447441101074e-01
7.788513898849487305e-01
7.984123229980468750e-01
7.693929672241210938e-01
7.794930338859558105e-01
7.993156313896179199e-01
7.872398495674133301e-01
7.741506099700927734e-01
7.779842615127563477e-01
7.689933776855468750e-01
7.708527445793151855e-01
7.902543544769287109e-01
7.782027125358581543e-01
7.728462815284729004e-01
7.806791067123413086e-01
7.824390530586242676e-01
7.693066596984863281e-01
7.799967527389526367e-01
7.929242849349975586e-01
7.915738821029663086e-01
7.786039113998413086e-01
7.947154045104980469e-01
7.933693528175354004e-01
7.871974706649780273e-01
7.791694402694702148e-01
7.761823534965515137e-01
7.913036942481994629e-01
7.728383541107177734e-01
7.977117896080017090e-01
7.845512628555297852e-01
7.817014455795288086e-01
7.829656600952148438e-01
7.777559757232666016e-01
7.827792167663574219e-01
7.666491270065307617e-01
7.498165965080261230e-01
7.607363462448120117e-01
7.740987539291381836e-01
7.898721694946289062e-01
7.988623380661010742e-01
7.894107103347778320e-01
7.958375811576843262e-01
7.925854921340942383e-01
7.834253311157226562e-01
7.780634164810180664e-01
7.838662862777709961e-01
7.832987308502197266e-01
7.809672951698303223e-01
7.775933742523193359e-01
7.860420346260070801e-01
7.803258895874023438e-01
7.950950860977172852e-01
7.874947786331176758e-01
7.829973697662353516e-01
7.554723024368286133e-01
7.650324106216430664e-01
7.810060977935791016e-01
7.984547615051269531e-01
7.806286215782165527e-01
8.027369379997253418e-01
7.959892153739929199e-01
7.765252590179443359e-01
7.852734327316284180e-01
7.997317314147949219e-01
7.826113700866699219e-01
7.986515760421752930e-01
7.841948270797729492e-01
8.039953708648681641e-01
7.851080298423767090e-01
7.869441509246826172e-01
8.064299821853637695e-01
7.803329229354858398e-01
8.064907789230346680e-01
7.803704142570495605e-01
7.857292294502258301e-01
7.760347127914428711e-01
7.828621864318847656e-01
7.960962057113647461e-01
7.746646404266357422e-01
7.743951082229614258e-01
7.820354104042053223e-01
7.860244512557983398e-01
7.782824635505676270e-01
7.989288568496704102e-01
8.017683625221252441e-01
7.861977815628051758e-01
7.882257699966430664e-01
8.029206991195678711e-01
7.766131162643432617e-01
7.901352643966674805e-01
7.892442941665649414e-01
7.963488698005676270e-01
7.833579778671264648e-01
7.704966068267822266e-01
7.919278144836425781e-01
7.845445871353149414e-01
7.943347692489624023e-01
7.866955399513244629e-01
7.929357290267944336e-01
7.751680016517639160e-01
7.905342578887939453e-01
7.727569341659545898e-01
7.910955548286437988e-01
7.708781957626342773e-01
7.946208715438842773e-01
7.834171056747436523e-01
7.747569084167480469e-01
7.807127237319946289e-01
7.803912162780761719e-01
7.885237336158752441e-01
7.886826992034912109e-01
7.877191305160522461e-01
7.885951995849609375e-01
7.870912551879882812e-01
7.882677912712097168e-01
8.016561865806579590e-01
7.646379470825195312e-01
7.820454835891723633e-01
8.014179468154907227e-01
7.908179163932800293e-01
7.965110540390014648e-01
7.903132438659667969e-01
7.812588214874267578e-01
7.665445208549499512e-01
7.771911621093750000e-01
7.903864383697509766e-01
7.871324419975280762e-01
7.812285423278808594e-01
7.917318344116210938e-01
7.715051174163818359e-01
7.790644764900207520e-01
7.716081738471984863e-01
7.844059467315673828e-01
7.696855068206787109e-01
7.834151387214660645e-01
7.905610799789428711e-01
7.774562835693359375e-01
7.884544134140014648e-01
7.965174317359924316e-01
7.978285551071166992e-01
7.862782478332519531e-01
7.953579425811767578e-01
7.734149694442749023e-01
7.952675819396972656e-01
7.731549739837646484e-01
7.826428413391113281e-01
7.868570685386657715e-01
7.835515141487121582e-01
7.885888814926147461e-01
7.925643920898437500e-01
7.756688594818115234e-01
7.855411171913146973e-01
7.800040245056152344e-01
7.937091588973999023e-01
7.905464172363281250e-01
7.815119028091430664e-01
7.806522846221923828e-01
7.682460546493530273e-01
7.694442868232727051e-01
7.978575825691223145e-01
7.774204015731811523e-01
7.805979847908020020e-01
7.895189523696899414e-01
7.832481265068054199e-01
7.783577442169189453e-01
7.871446609497070312e-01
7.795128226280212402e-01
7.953875064849853516e-01
7.797548770904541016e-01
7.766829133033752441e-01
7.794878482818603516e-01
7.808526754379272461e-01
7.861067056655883789e-01
7.811284065246582031e-01
7.743539810180664062e-01
7.789610624313354492e-01
7.997707128524780273e-01
7.709156870841979980e-01
7.912703156471252441e-01
7.858817577362060547e-01
7.885972261428833008e-01
7.795838713645935059e-01
7.869322896003723145e-01
7.797062397003173828e-01
7.888156175613403320e-01
7.741558551788330078e-01
7.945860624313354492e-01
7.970401048660278320e-01
7.898571491241455078e-01
7.794305086135864258e-01
7.751784324645996094e-01
7.603863477706909180e-01
7.764140367507934570e-01
7.866290807723999023e-01
7.835587859153747559e-01
7.938001751899719238e-01
7.853785753250122070e-01
7.766730189323425293e-01
7.921912670135498047e-01
7.724579572677612305e-01
7.876525521278381348e-01
7.915493249893188477e-01
7.732615470886230469e-01
7.925535440444946289e-01
7.914863824844360352e-01
7.831309437751770020e-01
7.765122652053833008e-01
7.872115373611450195e-01
7.989044189453125000e-01
7.867968082427978516e-01
7.986165285110473633e-01
7.789967060089111328e-01
7.993348240852355957e-01
7.764898538589477539e-01
7.867350578308105469e-01
7.930637598037719727e-01
7.715191841125488281e-01
7.959944605827331543e-01
7.948517799377441406e-01
7.820280790328979492e-01
7.886635065078735352e-01
7.990319132804870605e-01
7.770145535469055176e-01
7.884500026702880859e-01
7.925469279289245605e-01
7.918617725372314453e-01
7.768168449401855469e-01
7.820923328399658203e-01
7.886073589324951172e-01
7.791565060615539551e-01
7.831470966339111328e-01
7.824342250823974609e-01
7.921687364578247070e-01
8.023360967636108398e-01
7.646425962448120117e-01
7.837435007095336914e-01
7.907523512840270996e-01
7.641974091529846191e-01
7.682523727416992188e-01
7.689984440803527832e-01
7.876149415969848633e-01
7.977886199951171875e-01
7.960970997810363770e-01
7.626492977142333984e-01
7.762573957443237305e-01
7.648081183433532715e-01
7.907927036285400391e-01
7.783010005950927734e-01
7.822420597076416016e-01
7.677841186523437500e-01
7.869206070899963379e-01
7.799963951110839844e-01
7.747048139572143555e-01
7.990185022354125977e-01
7.775545120239257812e-01
7.883585691452026367e-01
7.610192298889160156e-01
7.864817380905151367e-01
7.714789509773254395e-01
7.706292867660522461e-01
7.769209146499633789e-01
7.766745686531066895e-01
7.850455045700073242e-01
7.758520841598510742e-01
7.907968759536743164e-01
7.938692569732666016e-01
7.913785576820373535e-01
7.727190852165222168e-01
7.789732217788696289e-01
7.834771871566772461e-01
7.803152203559875488e-01
7.830145359039306641e-01
7.956557273864746094e-01
7.700342535972595215e-01
7.939569950103759766e-01
7.917743921279907227e-01
7.932946681976318359e-01
7.879962325096130371e-01
7.959686517715454102e-01
7.929148674011230469e-01
7.927882671356201172e-01
7.865737676620483398e-01
7.879719138145446777e-01
7.918258905410766602e-01
7.913148403167724609e-01
7.864921092987060547e-01
7.842663526535034180e-01
8.045693635940551758e-01
7.931181788444519043e-01
7.764583826065063477e-01
