7.751881480216979980e-01
7.825638055801391602e-01
7.668421864509582520e-01
7.906891107559204102e-01
7.823883295059204102e-01
7.847831249237060547e-01
7.782086730003356934e-01
7.795068025588989258e-01
7.940310835838317871e-01
7.940924167633056641e-01
7.870743870735168457e-01
7.846743464469909668e-01
7.752944231033325195e-01
8.004121780395507812e-01
7.760995626449584961e-01
7.816807031631469727e-01
7.885363101959228516e-01
8.014427423477172852e-01
7.951183915138244629e-01
7.812340259552001953e-01
7.861221432685852051e-01
7.823456525802612305e-01
7.875722646713256836e-01
7.964628934860229492e-01
7.618676424026489258e-01
7.832697033882141113e-01
7.722116708755493164e-01
7.868224382400512695e-01
7.925585508346557617e-01
7.898869514465332031e-01
7.900727987289428711e-01
7.774919867515563965e-01
7.832292914390563965e-01
7.998527288436889648e-01
7.858642339706420898e-01
7.768592238426208496e-01
7.727943658828735352e-01
8.009513616561889648e-01
7.814898490905761719e-01
7.753261327743530273e-01
7.789467573165893555e-01
8.037490844726562500e-01
7.706311941146850586e-01
7.718496322631835938e-01
7.896463871002197266e-01
7.714956998825073242e-01
7.798563241958618164e-01
7.881939411163330078e-01
7.946128249168395996e-01
7.719205617904663086e-01
7.722757458686828613e-01
7.932366728782653809e-01
8.002578616142272949e-01
7.920868396759033203e-01
7.967643737792968750e-01
7.976245880126953125e-01
7.701129317283630371e-01
7.779408693313598633e-01
7.902463078498840332e-01
8.058427572250366211e-01
7.918901443481445312e-01
7.760462164878845215e-01
7.829962968826293945e-01
7.693900465965270996e-01
7.775058746337890625e-01
7.958855628967285156e-01
8.013153672218322754e-01
7.878746986389160156e-01
7.916365861892700195e-01
7.866208553314208984e-01
7.894643545150756836e-01
7.812600135803222656e-01
7.881200313568115234e-01
7.886390686035156250e-01
7.937201261520385742e-01
7.994284629821777344e-01
7.767958641052246094e-01
7.654582858085632324e-01
7.901881933212280273e-01
7.842321395874023438e-01
7.977218627929687500e-01
7.846477031707763672e-01
7.792825698852539062e-01
7.902057170867919922e-01
7.847326993942260742e-01
8.013719320297241211e-01
8.068101406097412109e-01
7.789623141288757324e-01
7.977654933929443359e-01
7.534307241439819336e-01
7.783321142196655273e-01
7.738883495330810547e-01
8.131735920906066895e-01
7.934477329254150391e-01
7.763752937316894531e-01
7.918491363525390625e-01
7.739856243133544922e-01
7.983186244964599609e-01
7.756035923957824707e-01
7.803986072540283203e-01
7.604377269744873047e-01
7.842662334442138672e-01
7.697482705116271973e-01
7.750539779663085938e-01
7.871868014335632324e-01
7.838279008865356445e-01
7.758629322052001953e-01
7.778596878051757812e-01
7.973434329032897949e-01
7.753641605377197266e-01
7.815918922424316406e-01
7.680139541625976562e-01
7.938601374626159668e-01
7.747180461883544922e-01
7.800145745277404785e-01
7.782517671585083008e-01
7.963609099388122559e-01
7.901519536972045898e-01
7.859473228454589844e-01
7.934450507164001465e-01
7.829207777976989746e-01
7.764981985092163086e-01
7.857119441032409668e-01
7.788586616516113281e-01
7.810379266738891602e-01
7.908204793930053711e-01
7.803850173950195312e-01
7.798880934715270996e-01
7.912073731422424316e-01
7.992911934852600098e-01
7.846289873123168945e-01
7.932744622230529785e-01
7.802449464797973633e-01
7.775093317031860352e-01
8.104256987571716309e-01
7.833631038665771484e-01
7.784787416458129883e-01
7.933322191238403320e-01
7.629109621047973633e-01
7.753829956054687500e-01
7.772812843322753906e-01
7.707152366638183594e-01
7.602284550666809082e-01
7.845757007598876953e-01
7.692457437515258789e-01
7.917195558547973633e-01
7.938022613525390625e-01
7.784237265586853027e-01
7.651133537292480469e-01
7.914431691169738770e-01
7.778986692428588867e-01
7.972965240478515625e-01
7.987114787101745605e-01
7.900072932243347168e-01
7.921462059020996094e-01
8.098225593566894531e-01
7.918563485145568848e-01
7.697687149047851562e-01
7.802003622055053711e-01
7.780269980430603027e-01
8.122193813323974609e-01
7.800775766372680664e-01
8.003673553466796875e-01
7.936104536056518555e-01
7.918493151664733887e-01
7.738795876502990723e-01
7.751617431640625000e-01
7.685672044754028320e-01
7.820893526077270508e-01
8.010504841804504395e-01
7.814215421676635742e-01
7.738692760467529297e-01
7.790668606758117676e-01
7.976222038269042969e-01
7.826788425445556641e-01
7.719106674194335938e-01
7.856951951980590820e-01
8.000228404998779297e-01
7.691106200218200684e-01
7.731881141662597656e-01
7.878151535987854004e-01
7.737361788749694824e-01
7.942175269126892090e-01
7.866021394729614258e-01
7.775827646255493164e-01
7.840762138366699219e-01
7.914167642593383789e-01
7.896275520324707031e-01
7.754936218261718750e-01
7.992553710937500000e-01
7.933547496795654297e-01
8.018811941146850586e-01
7.906127572059631348e-01
8.092368245124816895e-01
8.085800409317016602e-01
7.775174975395202637e-01
7.721467614173889160e-01
7.954896688461303711e-01
8.043656349182128906e-01
7.770669460296630859e-01
7.839346528053283691e-01
7.907876968383789062e-01
7.901481389999389648e-01
7.959223389625549316e-01
7.810402512550354004e-01
7.889910936355590820e-01
7.876099348068237305e-01
7.765247225761413574e-01
7.780325412750244141e-01
7.845298647880554199e-01
7.796522378921508789e-01
7.829476594924926758e-01
7.821875810623168945e-01
7.738890647888183594e-01
7.832094430923461914e-01
7.493298649787902832e-01
7.992227077484130859e-01
7.817906737327575684e-01
7.859846353530883789e-01
7.826243638992309570e-01
7.928077578544616699e-01
7.843862771987915039e-01
7.906464934349060059e-01
7.829173803329467773e-01
7.804464101791381836e-01
7.788816690444946289e-01
7.871615886688232422e-01
7.879017591476440430e-01
7.851405143737792969e-01
7.814737558364868164e-01
7.849396467208862305e-01
7.654026746749877930e-01
7.784988284111022949e-01
7.888431549072265625e-01
7.730434536933898926e-01
7.628165483474731445e-01
7.960674166679382324e-01
7.677229642868041992e-01
7.765702605247497559e-01
7.734908461570739746e-01
7.869358658790588379e-01
7.850319147109985352e-01
7.974691987037658691e-01
8.089424967765808105e-01
7.956402301788330078e-01
7.947536706924438477e-01
7.902967929840087891e-01
8.012507557868957520e-01
7.981171011924743652e-01
7.901203632354736328e-01
8.073866963386535645e-01
8.055556416511535645e-01
7.826582193374633789e-01
7.839635610580444336e-01
7.999224066734313965e-01
7.643484473228454590e-01
7.839497327804565430e-01
7.815669775009155273e-01
7.765880823135375977e-01
7.720245718955993652e-01
7.843484282493591309e-01
7.933758497238159180e-01
7.825953364372253418e-01
8.084709644317626953e-01
7.694064378738403320e-01
7.748152017593383789e-01
7.913838624954223633e-01
7.915257215499877930e-01
7.863164544105529785e-01
7.663618922233581543e-01
7.892957925796508789e-01
7.839298844337463379e-01
7.962145805358886719e-01
8.042809367179870605e-01
8.047038316726684570e-01
7.566548585891723633e-01
7.740837335586547852e-01
7.833989858627319336e-01
7.764478325843811035e-01
7.794086337089538574e-01
7.822055816650390625e-01
7.858164310455322266e-01
7.903974056243896484e-01
7.795552015304565430e-01
7.806311249732971191e-01
7.782541513442993164e-01
7.676166296005249023e-01
7.806891798973083496e-01
7.830465435981750488e-01
7.823267579078674316e-01
7.832958698272705078e-01
7.794632315635681152e-01
7.844049930572509766e-01
7.807589769363403320e-01
7.877054810523986816e-01
7.834300398826599121e-01
7.604893445968627930e-01
7.831692695617675781e-01
7.761397957801818848e-01
7.503474354743957520e-01
7.876621484756469727e-01
7.941073179244995117e-01
7.956764698028564453e-01
7.828257083892822266e-01
7.792082428932189941e-01
7.788617014884948730e-01
8.049150109291076660e-01
7.963492870330810547e-01
7.779482603073120117e-01
8.059673309326171875e-01
8.086375594139099121e-01
7.922302484512329102e-01
7.873542308807373047e-01
7.815915942192077637e-01
7.817400097846984863e-01
7.820487618446350098e-01
8.017026185989379883e-01
7.877674698829650879e-01
7.736424207687377930e-01
7.875792980194091797e-01
7.725483179092407227e-01
7.795408964157104492e-01
8.068981766700744629e-01
8.009457588195800781e-01
7.944551706314086914e-01
7.809767723083496094e-01
7.907521724700927734e-01
7.896665334701538086e-01
7.830531001091003418e-01
7.635600566864013672e-01
7.882318496704101562e-01
7.548059225082397461e-01
7.906892299652099609e-01
7.825380563735961914e-01
7.750838994979858398e-01
7.842476963996887207e-01
7.755917310714721680e-01
7.973093986511230469e-01
7.809109091758728027e-01
7.889715433120727539e-01
7.990376353263854980e-01
7.643119096755981445e-01
7.807034254074096680e-01
7.867647409439086914e-01
7.705358862876892090e-01
7.630226612091064453e-01
8.050982356071472168e-01
7.834202051162719727e-01
7.708622813224792480e-01
7.991023063659667969e-01
7.841749191284179688e-01
7.783715724945068359e-01
7.870148420333862305e-01
7.830789089202880859e-01
8.107696771621704102e-01
7.832737565040588379e-01
7.599465847015380859e-01
7.752205133438110352e-01
7.942656278610229492e-01
7.721729874610900879e-01
7.830184102058410645e-01
7.980910539627075195e-01
7.999767065048217773e-01
7.917922139167785645e-01
7.837991714477539062e-01
7.883849740028381348e-01
7.889055013656616211e-01
7.966704368591308594e-01
7.872283458709716797e-01
7.925550341606140137e-01
7.934443950653076172e-01
7.895791530609130859e-01
7.704856991767883301e-01
7.897645235061645508e-01
7.904706001281738281e-01
7.848300933837890625e-01
7.835982441902160645e-01
7.939683198928833008e-01
7.921797037124633789e-01
7.980022430419921875e-01
7.828866243362426758e-01
8.067124485969543457e-01
7.937884330749511719e-01
7.882630825042724609e-01
7.878587245941162109e-01
7.757693529129028320e-01
7.897394299507141113e-01
7.961462140083312988e-01
7.795714139938354492e-01
7.791391015052795410e-01
7.869872450828552246e-01
7.976949214935302734e-01
8.058752417564392090e-01
7.865742444992065430e-01
7.870593070983886719e-01
7.698543071746826172e-01
7.712692022323608398e-01
8.135340213775634766e-01
7.801197171211242676e-01
7.748165130615234375e-01
7.934607863426208496e-01
7.933287024497985840e-01
7.758115530014038086e-01
7.892893552780151367e-01
7.733069658279418945e-01
7.706439495086669922e-01
7.780196666717529297e-01
7.828239798545837402e-01
7.686608433723449707e-01
7.888198494911193848e-01
7.651930451393127441e-01
7.857471704483032227e-01
7.898508310317993164e-01
8.044496178627014160e-01
7.935033440589904785e-01
7.826176881790161133e-01
7.877829074859619141e-01
7.957718372344970703e-01
7.898376584053039551e-01
7.881746292114257812e-01
7.925703525543212891e-01
7.786566019058227539e-01
7.838254570960998535e-01
7.748758792877197266e-01
7.741001248359680176e-01
7.989035844802856445e-01
7.812125086784362793e-01
7.526801824569702148e-01
7.945528030395507812e-01
7.910010814666748047e-01
7.711080312728881836e-01
7.808115482330322266e-01
7.860100865364074707e-01
7.875831723213195801e-01
8.049178123474121094e-01
7.870437502861022949e-01
7.761926651000976562e-01
7.667824029922485352e-01
7.891504764556884766e-01
7.959507703781127930e-01
7.949573993682861328e-01
7.825247049331665039e-01
7.743207216262817383e-01
7.953720688819885254e-01
7.807758450508117676e-01
7.750765085220336914e-01
7.695163488388061523e-01
7.924456596374511719e-01
7.706832885742187500e-01
7.792823314666748047e-01
8.003323674201965332e-01
8.044459819793701172e-01
8.023382425308227539e-01
7.849564552307128906e-01
7.707843780517578125e-01
7.920807600021362305e-01
7.821910381317138672e-01
7.998853325843811035e-01
7.716101408004760742e-01
7.838780283927917480e-01
7.747736573219299316e-01
7.648291587829589844e-01
7.845951318740844727e-01
7.933199405670166016e-01
7.892378568649291992e-01
7.629753351211547852e-01
7.727055549621582031e-01
7.698849439620971680e-01
7.673280239105224609e-01
7.899751663208007812e-01
8.012357354164123535e-01
7.955526709556579590e-01
7.776781320571899414e-01
7.785158157348632812e-01
7.919518947601318359e-01
7.979564070701599121e-01
7.840172052383422852e-01
8.062763214111328125e-01
7.984346151351928711e-01
7.836973071098327637e-01
7.862792015075683594e-01
7.814114093780517578e-01
7.725093364715576172e-01
7.989710569381713867e-01
7.730007767677307129e-01
7.869321107864379883e-01
7.933380603790283203e-01
7.939208149909973145e-01
8.042050600051879883e-01
7.811888456344604492e-01
7.825433015823364258e-01
7.626529932022094727e-01
7.947470545768737793e-01
7.757017016410827637e-01
7.821663618087768555e-01
7.803997993469238281e-01
7.832686901092529297e-01
7.764132618904113770e-01
7.905898690223693848e-01
7.742422223091125488e-01
7.903745174407958984e-01
7.982392907142639160e-01
8.019055128097534180e-01
7.825277447700500488e-01
7.922365069389343262e-01
7.873393893241882324e-01
7.620866298675537109e-01
7.961984872817993164e-01
8.030884861946105957e-01
7.920226454734802246e-01
7.864496707916259766e-01
7.737057209014892578e-01
7.975584268569946289e-01
7.830937504768371582e-01
7.979105710983276367e-01
7.798992991447448730e-01
7.891091108322143555e-01
7.800612449645996094e-01
7.736939191818237305e-01
8.023193478584289551e-01
7.763497829437255859e-01
7.727673053741455078e-01
7.850444316864013672e-01
7.975477576255798340e-01
8.116372823715209961e-01
7.835550308227539062e-01
7.868840694427490234e-01
7.763406634330749512e-01
7.799631953239440918e-01
7.817984819412231445e-01
8.041147589683532715e-01
7.819663882255554199e-01
7.886692285537719727e-01
7.963851094245910645e-01
7.781247496604919434e-01
7.799460291862487793e-01
7.789900302886962891e-01
7.789238691329956055e-01
7.954367399215698242e-01
7.916207313537597656e-01
7.825269103050231934e-01
7.885594367980957031e-01
7.920644283294677734e-01
7.853361368179321289e-01
8.057210445404052734e-01
7.993946671485900879e-01
7.892183065414428711e-01
8.026458024978637695e-01
7.866327762603759766e-01
7.700402140617370605e-01
7.740474939346313477e-01
7.741303443908691406e-01
7.787611484527587891e-01
8.008033037185668945e-01
7.776920795440673828e-01
7.884249687194824219e-01
7.756304740905761719e-01
7.979979515075683594e-01
7.798734307289123535e-01
7.688059210777282715e-01
7.930134534835815430e-01
7.834529876708984375e-01
7.936321496963500977e-01
7.949974536895751953e-01
7.863821387290954590e-01
7.709639072418212891e-01
8.061807155609130859e-01
7.953902482986450195e-01
7.737196683883666992e-01
7.594661712646484375e-01
7.675210237503051758e-01
7.858193516731262207e-01
7.681164741516113281e-01
7.855196595191955566e-01
7.963452339172363281e-01
7.710130214691162109e-01
8.027397394180297852e-01
7.901048660278320312e-01
7.863405942916870117e-01
7.820010185241699219e-01
7.856420278549194336e-01
7.647171020507812500e-01
7.766309976577758789e-01
7.762204408645629883e-01
7.920229434967041016e-01
7.680947780609130859e-01
7.848347425460815430e-01
7.847017645835876465e-01
7.829651832580566406e-01
7.909067869186401367e-01
7.773182988166809082e-01
7.797765731811523438e-01
7.770211696624755859e-01
7.930404543876647949e-01
7.923227548599243164e-01
7.692774534225463867e-01
7.715591788291931152e-01
7.938426136970520020e-01
7.943994402885437012e-01
7.772856354713439941e-01
7.835671305656433105e-01
7.758471965789794922e-01
7.860563397407531738e-01
7.965317964553833008e-01
7.944071292877197266e-01
7.891397476196289062e-01
7.774668335914611816e-01
7.761168479919433594e-01
7.764467000961303711e-01
7.811275720596313477e-01
7.832092046737670898e-01
7.742503881454467773e-01
7.773637175559997559e-01
7.734198570251464844e-01
7.788624167442321777e-01
7.771534919738769531e-01
7.787615656852722168e-01
7.642502784729003906e-01
7.864203453063964844e-01
7.698123455047607422e-01
7.904595136642456055e-01
7.828397750854492188e-01
7.985090017318725586e-01
7.938078641891479492e-01
7.801165580749511719e-01
7.803993225097656250e-01
7.867504358291625977e-01
7.922565937042236328e-01
7.960292696952819824e-01
7.702423334121704102e-01
7.841095328330993652e-01
7.880561351776123047e-01
7.678014636039733887e-01
7.818277478218078613e-01
7.629289031028747559e-01
7.946808338165283203e-01
7.724426388740539551e-01
7.750717997550964355e-01
7.753497958183288574e-01
7.802575826644897461e-01
7.761402130126953125e-01
7.753099203109741211e-01
7.677682638168334961e-01
7.860324978828430176e-01
7.907088994979858398e-01
8.077738285064697266e-01
7.970172166824340820e-01
7.707999944686889648e-01
8.117659091949462891e-01
7.886697053909301758e-01
7.715434432029724121e-01
7.847529649734497070e-01
7.838904857635498047e-01
7.788513898849487305e-01
7.894260883331298828e-01
7.605983614921569824e-01
7.882399559020996094e-01
7.940279245376586914e-01
7.698682546615600586e-01
7.740989327430725098e-01
7.665881514549255371e-01
7.931801080703735352e-01
7.936754226684570312e-01
7.858552932739257812e-01
7.937359213829040527e-01
7.684921026229858398e-01
7.939473390579223633e-01
7.860334515571594238e-01
7.657005786895751953e-01
7.657660245895385742e-01
7.751805782318115234e-01
7.635967731475830078e-01
8.005878329277038574e-01
7.670041322708129883e-01
7.937137484550476074e-01
7.672775983810424805e-01
7.868815064430236816e-01
7.733305692672729492e-01
7.722874879837036133e-01
7.761358618736267090e-01
7.771298289299011230e-01
7.902669906616210938e-01
7.704813480377197266e-01
7.957902550697326660e-01
7.925006747245788574e-01
7.900058031082153320e-01
8.004214763641357422e-01
7.857377529144287109e-01
7.716599702835083008e-01
8.029975891113281250e-01
7.858635187149047852e-01
7.889721393585205078e-01
7.823563218116760254e-01
7.827694416046142578e-01
7.883613109588623047e-01
7.898308038711547852e-01
7.706170082092285156e-01
7.949586510658264160e-01
8.089110851287841797e-01
8.049712181091308594e-01
7.640180587768554688e-01
7.792856097221374512e-01
7.964825034141540527e-01
7.983837127685546875e-01
7.976320385932922363e-01
7.820068597793579102e-01
7.691180706024169922e-01
7.925677895545959473e-01
7.799990177154541016e-01
7.560981512069702148e-01
7.839119434356689453e-01
7.772262096405029297e-01
7.848480939865112305e-01
7.701403498649597168e-01
8.087928295135498047e-01
7.814137339591979980e-01
7.727589011192321777e-01
7.876850366592407227e-01
7.906113862991333008e-01
7.986196875572204590e-01
7.887097597122192383e-01
7.696282267570495605e-01
7.980124950408935547e-01
7.930740118026733398e-01
7.922390699386596680e-01
7.882514595985412598e-01
7.707449197769165039e-01
7.744143605232238770e-01
7.994825839996337891e-01
7.889022827148437500e-01
7.972464561462402344e-01
7.906278371810913086e-01
7.901192903518676758e-01
7.791973352432250977e-01
7.968698740005493164e-01
7.851985692977905273e-01
7.893703579902648926e-01
7.722893953323364258e-01
7.982338070869445801e-01
7.776809334754943848e-01
7.866748571395874023e-01
7.677520513534545898e-01
7.963442802429199219e-01
7.840168476104736328e-01
7.999305725097656250e-01
7.682088017463684082e-01
7.859516143798828125e-01
7.879209518432617188e-01
8.087775707244873047e-01
8.007205724716186523e-01
8.010798096656799316e-01
7.927563786506652832e-01
7.768012285232543945e-01
7.776243686676025391e-01
7.637249231338500977e-01
7.738696336746215820e-01
7.930163145065307617e-01
7.993594408035278320e-01
7.771280407905578613e-01
7.841944694519042969e-01
7.752761840820312500e-01
7.756775617599487305e-01
7.836762666702270508e-01
7.841953635215759277e-01
7.754886150360107422e-01
7.925903797149658203e-01
7.560870647430419922e-01
7.885123491287231445e-01
7.898406982421875000e-01
7.894362211227416992e-01
7.964748740196228027e-01
7.669072151184082031e-01
7.947424054145812988e-01
8.001726865768432617e-01
7.847193479537963867e-01
7.957121729850769043e-01
7.875659465789794922e-01
7.875492572784423828e-01
7.996107339859008789e-01
7.862312793731689453e-01
7.876235246658325195e-01
7.812528610229492188e-01
7.763249278068542480e-01
7.892074584960937500e-01
7.916581630706787109e-01
7.890516519546508789e-01
7.806959152221679688e-01
7.789234519004821777e-01
7.865399718284606934e-01
7.848516106605529785e-01
7.694186568260192871e-01
7.631820440292358398e-01
7.764079570770263672e-01
7.864525914192199707e-01
7.858287096023559570e-01
7.864208817481994629e-01
8.035490512847900391e-01
7.723988294601440430e-01
7.895713448524475098e-01
7.882789373397827148e-01
7.976861000061035156e-01
7.911431789398193359e-01
7.839952111244201660e-01
7.898033261299133301e-01
7.771965265274047852e-01
7.887881994247436523e-01
7.750760912895202637e-01
7.848150730133056641e-01
7.759368419647216797e-01
7.644185423851013184e-01
7.933099269866943359e-01
7.881144285202026367e-01
7.739872336387634277e-01
7.795778512954711914e-01
7.872592806816101074e-01
7.943966388702392578e-01
7.704526185989379883e-01
7.891436815261840820e-01
7.661014795303344727e-01
7.692891955375671387e-01
7.899938821792602539e-01
7.929002046585083008e-01
7.799218297004699707e-01
7.931457757949829102e-01
7.911307215690612793e-01
7.696636915206909180e-01
7.967354655265808105e-01
7.822446823120117188e-01
7.904273271560668945e-01
7.907885909080505371e-01
7.750548720359802246e-01
7.736756801605224609e-01
7.762864232063293457e-01
7.874706387519836426e-01
7.766491174697875977e-01
7.883290052413940430e-01
7.793797254562377930e-01
7.887173891067504883e-01
8.023066520690917969e-01
7.855135202407836914e-01
7.824095487594604492e-01
7.749285101890563965e-01
7.731191515922546387e-01
7.863406538963317871e-01
7.825069427490234375e-01
7.886797189712524414e-01
7.951050996780395508e-01
7.836195826530456543e-01
7.812176346778869629e-01
7.722162008285522461e-01
7.930203676223754883e-01
7.770305871963500977e-01
7.803204059600830078e-01
7.739065885543823242e-01
7.642835378646850586e-01
7.922773957252502441e-01
7.795264720916748047e-01
7.855010032653808594e-01
7.841247916221618652e-01
7.867696881294250488e-01
7.855367660522460938e-01
7.592207789421081543e-01
7.977248430252075195e-01
7.729475498199462891e-01
7.864600419998168945e-01
8.042410612106323242e-01
7.786837816238403320e-01
7.901742458343505859e-01
7.957481145858764648e-01
7.829117774963378906e-01
7.853212952613830566e-01
7.979187965393066406e-01
7.792780995368957520e-01
7.794992923736572266e-01
7.742684483528137207e-01
7.965955734252929688e-01
7.790261507034301758e-01
7.836680412292480469e-01
7.759572267532348633e-01
7.724636197090148926e-01
7.736486196517944336e-01
7.673389315605163574e-01
7.711938619613647461e-01
7.957613468170166016e-01
7.969899177551269531e-01
7.819421291351318359e-01
7.783342599868774414e-01
8.016126155853271484e-01
7.744321227073669434e-01
8.034219741821289062e-01
7.786216735839843750e-01
8.032969236373901367e-01
7.854415178298950195e-01
7.654672265052795410e-01
7.808350324630737305e-01
7.871377468109130859e-01
7.934869527816772461e-01
7.933437824249267578e-01
7.858312726020812988e-01
7.795364856719970703e-01
8.019309043884277344e-01
7.833145856857299805e-01
7.867666482925415039e-01
7.768657207489013672e-01
7.806519269943237305e-01
8.021603226661682129e-01
7.904533147811889648e-01
7.942723035812377930e-01
7.920441627502441406e-01
7.869471311569213867e-01
8.145445585250854492e-01
8.055088520050048828e-01
7.758186459541320801e-01
7.898771166801452637e-01
7.789089679718017578e-01
7.812421321868896484e-01
7.925471663475036621e-01
7.693234086036682129e-01
7.999122142791748047e-01
7.957002520561218262e-01
7.818204164505004883e-01
7.845125198364257812e-01
7.844482660293579102e-01
7.768191099166870117e-01
8.050271272659301758e-01
7.866907119750976562e-01
7.889234423637390137e-01
7.884442210197448730e-01
7.967933416366577148e-01
7.994061708450317383e-01
7.931128740310668945e-01
7.872646450996398926e-01
7.744486331939697266e-01
8.068604469299316406e-01
7.935377359390258789e-01
7.969103455543518066e-01
7.848607301712036133e-01
7.758604288101196289e-01
7.730941176414489746e-01
7.730776071548461914e-01
7.763047218322753906e-01
7.833144664764404297e-01
7.782499790191650391e-01
8.106633424758911133e-01
7.933633923530578613e-01
7.683391571044921875e-01
8.039758205413818359e-01
7.712826728820800781e-01
7.665668725967407227e-01
7.834552526473999023e-01
7.808942198753356934e-01
7.959778308868408203e-01
7.792629003524780273e-01
7.987332940101623535e-01
7.883152961730957031e-01
7.770747542381286621e-01
7.737706899642944336e-01
8.050884008407592773e-01
7.801162600517272949e-01
7.728334069252014160e-01
7.791907191276550293e-01
7.717640399932861328e-01
7.719669342041015625e-01
7.608842849731445312e-01
7.845974564552307129e-01
7.715768814086914062e-01
7.853149175643920898e-01
7.717814445495605469e-01
7.937027215957641602e-01
7.940748929977416992e-01
7.860661745071411133e-01
7.790032625198364258e-01
7.871738076210021973e-01
7.861140966415405273e-01
8.019871711730957031e-01
7.745169401168823242e-01
7.695440053939819336e-01
7.777096629142761230e-01
7.934881448745727539e-01
7.862998247146606445e-01
8.076628446578979492e-01
7.804442048072814941e-01
7.746503353118896484e-01
7.842862606048583984e-01
8.064144849777221680e-01
7.706800699234008789e-01
7.911930084228515625e-01
7.765957117080688477e-01
7.894735336303710938e-01
7.815989255905151367e-01
8.041926622390747070e-01
7.961570620536804199e-01
7.814395427703857422e-01
7.770566344261169434e-01
7.750970125198364258e-01
7.806785106658935547e-01
7.960885167121887207e-01
7.745164632797241211e-01
7.887848615646362305e-01
8.003456592559814453e-01
7.885856628417968750e-01
7.822928428649902344e-01
7.852820754051208496e-01
7.851704359054565430e-01
7.830337285995483398e-01
7.938404679298400879e-01
7.929751276969909668e-01
7.871297597885131836e-01
7.944108247756958008e-01
7.906146049499511719e-01
7.932629585266113281e-01
7.981309890747070312e-01
8.029465675354003906e-01
7.790102958679199219e-01
7.818157672882080078e-01
7.605124711990356445e-01
7.633265852928161621e-01
7.792137861251831055e-01
7.924606204032897949e-01
7.784820199012756348e-01
8.020871877670288086e-01
7.911154627799987793e-01
7.722601294517517090e-01
7.704676985740661621e-01
7.867721319198608398e-01
7.937154769897460938e-01
7.794817090034484863e-01
7.789112329483032227e-01
8.012659549713134766e-01
7.913175821304321289e-01
7.942176461219787598e-01
7.835259437561035156e-01
7.769432067871093750e-01
7.843153476715087891e-01
7.770045399665832520e-01
7.880129814147949219e-01
7.764930725097656250e-01
7.741901278495788574e-01
7.926877737045288086e-01
7.863529920578002930e-01
7.831063270568847656e-01
7.707130908966064453e-01
8.041546344757080078e-01
7.766129970550537109e-01
7.945267558097839355e-01
7.780587673187255859e-01
7.935254573822021484e-01
7.752460241317749023e-01
7.934005856513977051e-01
7.912964820861816406e-01
7.691708803176879883e-01
7.808400988578796387e-01
7.728168964385986328e-01
7.830833196640014648e-01
7.777261734008789062e-01
7.848250865936279297e-01
7.743082046508789062e-01
7.842761874198913574e-01
7.671129703521728516e-01
7.899258136749267578e-01
8.073132038116455078e-01
7.640091180801391602e-01
7.910673618316650391e-01
7.859223484992980957e-01
8.100722432136535645e-01
7.835043668746948242e-01
7.669152021408081055e-01
7.998335361480712891e-01
7.893705964088439941e-01
7.844252586364746094e-01
7.949150800704956055e-01
7.735071778297424316e-01
7.810787558555603027e-01
7.931551933288574219e-01
7.833999991416931152e-01
7.686050534248352051e-01
7.748264074325561523e-01
7.874704003334045410e-01
7.890899777412414551e-01
7.817823290824890137e-01
7.723220586776733398e-01
8.079340457916259766e-01
7.969605922698974609e-01
7.823510766029357910e-01
7.844675183296203613e-01
7.757219076156616211e-01
7.782104611396789551e-01
7.781219482421875000e-01
7.904651165008544922e-01
7.941201329231262207e-01
8.130730390548706055e-01
7.927483320236206055e-01
8.014572262763977051e-01
7.801865339279174805e-01
7.862625122070312500e-01
7.825471162796020508e-01
7.654993534088134766e-01
7.928121089935302734e-01
7.842131853103637695e-01
7.750257253646850586e-01
7.489262223243713379e-01
7.993462085723876953e-01
7.960867881774902344e-01
7.827399969100952148e-01
7.871633768081665039e-01
7.721725702285766602e-01
7.817341089248657227e-01
7.816573381423950195e-01
7.915421724319458008e-01
7.776879072189331055e-01
7.793306708335876465e-01
7.668323516845703125e-01
8.039048314094543457e-01
7.990652322769165039e-01
7.877385616302490234e-01
7.685685157775878906e-01
7.773551940917968750e-01
7.814846634864807129e-01
7.965793609619140625e-01
7.829180359840393066e-01
7.979444861412048340e-01
7.848359346389770508e-01
7.781212329864501953e-01
7.987909913063049316e-01
7.896355390548706055e-01
7.786131501197814941e-01
7.633540630340576172e-01
7.953826189041137695e-01
7.850518226623535156e-01
7.754648923873901367e-01
7.729699611663818359e-01
7.697108983993530273e-01
7.856429815292358398e-01
7.979191541671752930e-01
7.976933717727661133e-01
8.001447916030883789e-01
7.803100347518920898e-01
7.549782991409301758e-01
7.912765741348266602e-01
7.837306261062622070e-01
7.786250114440917969e-01
7.618598937988281250e-01
7.918735742568969727e-01
7.799954414367675781e-01
7.830008864402770996e-01
7.849563360214233398e-01
7.749629616737365723e-01
7.807112932205200195e-01
7.803835272789001465e-01
7.841196060180664062e-01
7.876051664352416992e-01
7.627283334732055664e-01
7.800964117050170898e-01
7.893836498260498047e-01
7.781726121902465820e-01
7.813847661018371582e-01
7.801117897033691406e-01
7.899667024612426758e-01
7.905097007751464844e-01
7.794805169105529785e-01
7.930555939674377441e-01
7.667077779769897461e-01
7.814718484878540039e-01
7.691850066184997559e-01
7.756336331367492676e-01
7.910939455032348633e-01
7.899217605590820312e-01
7.758815288543701172e-01
8.014757633209228516e-01
7.813202142715454102e-01
7.890637516975402832e-01
7.897176146507263184e-01
7.908955216407775879e-01
7.661049365997314453e-01
7.603071331977844238e-01
7.934734821319580078e-01
7.771611213684082031e-01
7.833746075630187988e-01
7.954822778701782227e-01
7.946429848670959473e-01
7.810968160629272461e-01
7.938485145568847656e-01
8.020071983337402344e-01
7.756935358047485352e-01
7.795758843421936035e-01
7.999113202095031738e-01
7.766572237014770508e-01
7.862840294837951660e-01
7.883877158164978027e-01
8.011438250541687012e-01
7.736644744873046875e-01
7.883619070053100586e-01
7.795679569244384766e-01
7.695471048355102539e-01
7.900564074516296387e-01
7.572284340858459473e-01
7.817373275756835938e-01
7.705662250518798828e-01
7.845762968063354492e-01
7.752946615219116211e-01
7.774784564971923828e-01
8.009778261184692383e-01
7.862823605537414551e-01
7.928057909011840820e-01
7.899916768074035645e-01
7.879430651664733887e-01
7.842693328857421875e-01
7.729326486587524414e-01
7.848558425903320312e-01
7.617789506912231445e-01
7.832247614860534668e-01
7.797533273696899414e-01
7.851458787918090820e-01
7.966783046722412109e-01
7.748709917068481445e-01
7.891871929168701172e-01
7.921946048736572266e-01
7.913568019866943359e-01
7.821927666664123535e-01
7.940238714218139648e-01
7.825998663902282715e-01
7.909948229789733887e-01
7.845156192779541016e-01
7.891914248466491699e-01
7.751871347427368164e-01
7.908976078033447266e-01
7.769351601600646973e-01
7.846053838729858398e-01
7.777141928672790527e-01
7.820442914962768555e-01
7.851663827896118164e-01
8.058809041976928711e-01
7.813650369644165039e-01
7.863421440124511719e-01
7.937778234481811523e-01
7.665615081787109375e-01
7.746220827102661133e-01
7.697116136550903320e-01
7.876396775245666504e-01
7.867903709411621094e-01
7.677807807922363281e-01
7.759447693824768066e-01
8.090872764587402344e-01
7.909975647926330566e-01
8.084228038787841797e-01
7.946251034736633301e-01
7.821379899978637695e-01
7.867731451988220215e-01
8.044275641441345215e-01
7.812538146972656250e-01
7.962620258331298828e-01
7.983230948448181152e-01
7.687875032424926758e-01
7.746183872222900391e-01
7.901352643966674805e-01
8.037313222885131836e-01
7.690034508705139160e-01
7.836286425590515137e-01
7.870489954948425293e-01
7.795921564102172852e-01
7.719874382019042969e-01
7.768654823303222656e-01
7.700636982917785645e-01
7.883936166763305664e-01
7.636770606040954590e-01
7.761377692222595215e-01
7.698713541030883789e-01
8.007549047470092773e-01
7.811236977577209473e-01
7.908222079277038574e-01
7.879619598388671875e-01
7.936617136001586914e-01
7.992007136344909668e-01
7.946101427078247070e-01
7.983109354972839355e-01
7.754868865013122559e-01
7.991664409637451172e-01
7.743569612503051758e-01
7.938971519470214844e-01
7.893217206001281738e-01
7.733175158500671387e-01
7.776004076004028320e-01
7.805700302124023438e-01
8.063612580299377441e-01
7.956470251083374023e-01
7.790734767913818359e-01
7.917299270629882812e-01
7.693294286727905273e-01
7.701443433761596680e-01
7.874244451522827148e-01
7.847077250480651855e-01
7.936307787895202637e-01
7.955507040023803711e-01
7.948831319808959961e-01
7.932513952255249023e-01
7.894150018692016602e-01
7.878601551055908203e-01
7.716956138610839844e-01
7.964590787887573242e-01
7.887053489685058594e-01
7.781009674072265625e-01
7.625240087509155273e-01
7.896536588668823242e-01
7.646226882934570312e-01
7.786316275596618652e-01
7.755489349365234375e-01
7.908256053924560547e-01
7.685519456863403320e-01
7.605744004249572754e-01
8.057156205177307129e-01
7.829432487487792969e-01
7.830733060836791992e-01
7.701461315155029297e-01
7.784706950187683105e-01
7.595003843307495117e-01
7.730784416198730469e-01
7.791004776954650879e-01
7.859879732131958008e-01
7.859140634536743164e-01
7.737116813659667969e-01
7.975893020629882812e-01
7.908070087432861328e-01
7.998566627502441406e-01
7.945393323898315430e-01
7.861498594284057617e-01
7.911316156387329102e-01
7.805422544479370117e-01
7.602597475051879883e-01
7.808302640914916992e-01
7.704751491546630859e-01
7.830748558044433594e-01
7.862492203712463379e-01
7.846875190734863281e-01
7.784473896026611328e-01
7.984206080436706543e-01
7.733962535858154297e-01
7.713130116462707520e-01
7.744994759559631348e-01
8.095626831054687500e-01
8.006551265716552734e-01
7.854511737823486328e-01
7.792899012565612793e-01
7.869198322296142578e-01
7.986131906509399414e-01
7.762626409530639648e-01
7.834035158157348633e-01
8.001163005828857422e-01
7.721166014671325684e-01
7.952840328216552734e-01
7.677957415580749512e-01
7.701959609985351562e-01
8.077183365821838379e-01
7.733095288276672363e-01
7.951804399490356445e-01
7.945414781570434570e-01
8.140779137611389160e-01
7.867602109909057617e-01
7.726154327392578125e-01
7.693657875061035156e-01
7.851637601852416992e-01
7.944657802581787109e-01
7.830399274826049805e-01
7.848422527313232422e-01
8.143456578254699707e-01
7.700078487396240234e-01
7.802838087081909180e-01
7.706165909767150879e-01
7.956940531730651855e-01
7.787209153175354004e-01
7.793039083480834961e-01
7.886693477630615234e-01
7.832237482070922852e-01
7.638297677040100098e-01
7.820298075675964355e-01
7.858355045318603516e-01
7.836595773696899414e-01
7.929278016090393066e-01
8.132304549217224121e-01
8.072784543037414551e-01
7.853776216506958008e-01
7.883784770965576172e-01
7.832016348838806152e-01
7.916601896286010742e-01
7.870790958404541016e-01
7.921224832534790039e-01
7.960929274559020996e-01
7.901887893676757812e-01
7.712795138359069824e-01
7.891039848327636719e-01
7.833872437477111816e-01
8.041884303092956543e-01
7.714390754699707031e-01
8.123117685317993164e-01
7.935540676116943359e-01
7.968277931213378906e-01
7.952677607536315918e-01
7.875069975852966309e-01
7.841556072235107422e-01
7.846751213073730469e-01
7.860294580459594727e-01
7.718205451965332031e-01
7.683175802230834961e-01
7.791386842727661133e-01
8.085424900054931641e-01
7.999641895294189453e-01
7.862398624420166016e-01
7.848843336105346680e-01
7.786875963211059570e-01
7.673546671867370605e-01
7.683759927749633789e-01
7.939713001251220703e-01
7.898038625717163086e-01
7.806822061538696289e-01
7.873039245605468750e-01
8.011288642883300781e-01
8.096722364425659180e-01
7.866047024726867676e-01
7.932955026626586914e-01
7.833601236343383789e-01
8.007172942161560059e-01
7.838417887687683105e-01
7.766093015670776367e-01
7.910552024841308594e-01
7.669858932495117188e-01
7.956489324569702148e-01
7.803295254707336426e-01
7.983430624008178711e-01
7.777787446975708008e-01
7.944071292877197266e-01
7.738393545150756836e-01
7.948420643806457520e-01
8.029729723930358887e-01
7.709026336669921875e-01
7.892830371856689453e-01
7.910832166671752930e-01
7.828806638717651367e-01
7.811901569366455078e-01
7.847845554351806641e-01
7.628085613250732422e-01
7.867031693458557129e-01
7.833286523818969727e-01
7.781441807746887207e-01
7.777910232543945312e-01
7.750232219696044922e-01
7.819588184356689453e-01
7.770286798477172852e-01
7.841289043426513672e-01
7.910299301147460938e-01
7.756710648536682129e-01
7.998896241188049316e-01
7.958022952079772949e-01
7.788486480712890625e-01
7.954648733139038086e-01
7.914051413536071777e-01
7.698740959167480469e-01
7.787892222404479980e-01
7.867488861083984375e-01
7.898133993148803711e-01
7.732813358306884766e-01
7.946723699569702148e-01
7.864099144935607910e-01
7.638030052185058594e-01
7.870650887489318848e-01
7.754948139190673828e-01
7.954443693161010742e-01
7.935339212417602539e-01
7.732260227203369141e-01
7.690853476524353027e-01
7.855740785598754883e-01
7.822107076644897461e-01
7.744532823562622070e-01
8.028500676155090332e-01
7.727183699607849121e-01
7.775699496269226074e-01
7.781906723976135254e-01
7.791985273361206055e-01
7.695647478103637695e-01
8.111790418624877930e-01
7.950693368911743164e-01
7.728506326675415039e-01
7.676401138305664062e-01
8.001166582107543945e-01
7.734338641166687012e-01
7.942423224449157715e-01
7.637803554534912109e-01
7.814762592315673828e-01
7.662727832794189453e-01
7.896956205368041992e-01
7.789922952651977539e-01
7.760360240936279297e-01
7.967963218688964844e-01
7.788496017456054688e-01
7.817717194557189941e-01
7.862787246704101562e-01
7.879790067672729492e-01
7.935143709182739258e-01
7.950870394706726074e-01
7.646728754043579102e-01
7.858983278274536133e-01
7.912056446075439453e-01
8.015422224998474121e-01
7.823767662048339844e-01
8.036231398582458496e-01
7.923492789268493652e-01
7.847162485122680664e-01
7.900204658508300781e-01
7.752724885940551758e-01
7.866073846817016602e-01
7.826876640319824219e-01
7.880414724349975586e-01
7.926832437515258789e-01
7.927650213241577148e-01
7.922939658164978027e-01
7.799544334411621094e-01
7.759885787963867188e-01
7.977306246757507324e-01
7.987235188484191895e-01
7.851604819297790527e-01
7.887232899665832520e-01
8.049181699752807617e-01
7.827322483062744141e-01
7.834825515747070312e-01
7.847145795822143555e-01
7.772040367126464844e-01
7.901376485824584961e-01
7.799732685089111328e-01
7.753126621246337891e-01
7.893704175949096680e-01
7.882423400878906250e-01
7.918623089790344238e-01
7.932715415954589844e-01
7.724321484565734863e-01
7.898373603820800781e-01
7.775625586509704590e-01
7.908763885498046875e-01
7.762324810028076172e-01
7.868876457214355469e-01
7.882182002067565918e-01
7.756232023239135742e-01
7.875052690505981445e-01
7.841390371322631836e-01
7.858024835586547852e-01
8.001605272293090820e-01
7.845579385757446289e-01
7.839689254760742188e-01
7.770805954933166504e-01
7.695060372352600098e-01
7.797434329986572266e-01
7.868704795837402344e-01
7.670475840568542480e-01
7.917276024818420410e-01
7.898842096328735352e-01
7.960094213485717773e-01
7.900133132934570312e-01
7.965744733810424805e-01
8.027132153511047363e-01
7.835784554481506348e-01
7.810146808624267578e-01
7.966332435607910156e-01
7.822008728981018066e-01
7.713161706924438477e-01
7.687628269195556641e-01
7.790700197219848633e-01
7.902500033378601074e-01
7.713724374771118164e-01
7.850792407989501953e-01
7.887639403343200684e-01
7.798901200294494629e-01
7.893204092979431152e-01
7.678270339965820312e-01
7.786334753036499023e-01
7.944655418395996094e-01
7.810000181198120117e-01
7.882887125015258789e-01
7.663702368736267090e-01
7.714052200317382812e-01
7.870481014251708984e-01
8.054879903793334961e-01
7.807648181915283203e-01
7.798281908035278320e-01
7.846164703369140625e-01
7.823399305343627930e-01
7.911537885665893555e-01
7.830264568328857422e-01
7.721163034439086914e-01
7.878704071044921875e-01
7.820050716400146484e-01
8.016788959503173828e-01
7.898997068405151367e-01
7.988345623016357422e-01
7.940003871917724609e-01
7.705742120742797852e-01
7.792714834213256836e-01
7.837941646575927734e-01
7.762252092361450195e-01
7.876685261726379395e-01
7.861149311065673828e-01
7.626717090606689453e-01
8.037813901901245117e-01
7.999827861785888672e-01
7.893970012664794922e-01
7.785975337028503418e-01
7.597134113311767578e-01
7.762194275856018066e-01
7.938871383666992188e-01
7.819128036499023438e-01
8.014937043190002441e-01
7.918034791946411133e-01
8.120722770690917969e-01
7.828021049499511719e-01
7.741088867187500000e-01
7.810804843902587891e-01
7.675703763961791992e-01
7.997921705245971680e-01
7.997044324874877930e-01
7.919284701347351074e-01
7.963559627532958984e-01
7.895815968513488770e-01
7.576810121536254883e-01
7.757486104965209961e-01
7.624264955520629883e-01
7.932813167572021484e-01
7.904752492904663086e-01
8.086814880371093750e-01
7.650972604751586914e-01
7.763850688934326172e-01
7.818226814270019531e-01
7.802730798721313477e-01
7.907103300094604492e-01
7.905009984970092773e-01
7.773081660270690918e-01
7.869078516960144043e-01
7.971638441085815430e-01
7.893959879875183105e-01
7.970775365829467773e-01
8.064594864845275879e-01
7.818612456321716309e-01
7.735720872879028320e-01
7.978438735008239746e-01
7.860155105590820312e-01
7.810586094856262207e-01
7.815212011337280273e-01
7.754532694816589355e-01
7.929388880729675293e-01
7.983856797218322754e-01
7.821896672248840332e-01
7.988238930702209473e-01
7.843896150588989258e-01
7.895531654357910156e-01
7.849074006080627441e-01
7.714563608169555664e-01
7.921698093414306641e-01
7.731382846832275391e-01
7.809957265853881836e-01
8.003823161125183105e-01
7.819854021072387695e-01
7.912191748619079590e-01
7.735136747360229492e-01
7.964844703674316406e-01
7.801316976547241211e-01
7.766413092613220215e-01
7.901865243911743164e-01
7.822353243827819824e-01
7.681921720504760742e-01
8.021458387374877930e-01
7.812511920928955078e-01
7.953523993492126465e-01
7.923178672790527344e-01
7.915787696838378906e-01
7.782331109046936035e-01
7.881107330322265625e-01
7.903448939323425293e-01
8.016392588615417480e-01
7.917611598968505859e-01
7.723608613014221191e-01
7.807611823081970215e-01
8.013755083084106445e-01
7.817411422729492188e-01
7.976142764091491699e-01
7.887690067291259766e-01
7.999038696289062500e-01
7.763461470603942871e-01
7.862654328346252441e-01
7.993702888488769531e-01
7.806174755096435547e-01
8.015357255935668945e-01
7.875576019287109375e-01
7.874669432640075684e-01
7.922744750976562500e-01
7.977102994918823242e-01
7.799909114837646484e-01
7.883813381195068359e-01
7.684130668640136719e-01
7.864307165145874023e-01
7.841829061508178711e-01
7.911435961723327637e-01
7.713556289672851562e-01
7.720851898193359375e-01
7.836692929267883301e-01
8.122158050537109375e-01
7.883443832397460938e-01
7.791714072227478027e-01
8.019469976425170898e-01
7.772167325019836426e-01
7.805097699165344238e-01
7.813446521759033203e-01
7.858232259750366211e-01
7.645020484924316406e-01
7.913541793823242188e-01
7.711169123649597168e-01
7.737373709678649902e-01
7.880156040191650391e-01
7.712006568908691406e-01
7.671782374382019043e-01
7.762688994407653809e-01
7.700923085212707520e-01
8.089058995246887207e-01
7.825034856796264648e-01
7.808346748352050781e-01
8.102111816406250000e-01
7.992387413978576660e-01
7.812513113021850586e-01
7.921698093414306641e-01
7.880129814147949219e-01
7.778113484382629395e-01
7.767530679702758789e-01
7.789605855941772461e-01
7.691071033477783203e-01
7.727907896041870117e-01
7.829236388206481934e-01
8.076513409614562988e-01
7.878227233886718750e-01
7.866405844688415527e-01
7.828636765480041504e-01
7.775899171829223633e-01
7.932932376861572266e-01
7.827350497245788574e-01
8.034219741821289062e-01
7.912900447845458984e-01
7.940257787704467773e-01
7.866841554641723633e-01
7.966446876525878906e-01
7.915221452713012695e-01
7.850129604339599609e-01
7.836995720863342285e-01
7.941036820411682129e-01
7.699260711669921875e-01
7.837673425674438477e-01
7.858779430389404297e-01
7.803440690040588379e-01
8.028353452682495117e-01
7.989878654479980469e-01
7.826423645019531250e-01
7.969859242439270020e-01
7.940914630889892578e-01
7.864149212837219238e-01
7.826313376426696777e-01
7.614033222198486328e-01
7.846330404281616211e-01
7.867143154144287109e-01
7.967867851257324219e-01
7.932352423667907715e-01
7.878812551498413086e-01
7.905726432800292969e-01
7.882934212684631348e-01
7.811197042465209961e-01
7.866424322128295898e-01
7.899827957153320312e-01
7.861430644989013672e-01
7.799495458602905273e-01
7.886519432067871094e-01
7.900396585464477539e-01
7.830141782760620117e-01
7.853446602821350098e-01
7.839087843894958496e-01
7.897863984107971191e-01
7.776504158973693848e-01
7.858798503875732422e-01
7.841133475303649902e-01
7.799602746963500977e-01
7.987418174743652344e-01
7.746710777282714844e-01
7.767379879951477051e-01
7.914873361587524414e-01
7.764948606491088867e-01
7.958853840827941895e-01
7.870160937309265137e-01
7.681449055671691895e-01
7.951960563659667969e-01
7.926680445671081543e-01
7.777489423751831055e-01
7.869944572448730469e-01
7.863714694976806641e-01
7.992874383926391602e-01
7.848271131515502930e-01
7.678742408752441406e-01
7.822917103767395020e-01
8.089715838432312012e-01
8.011510372161865234e-01
7.950607538223266602e-01
8.048058152198791504e-01
7.753904461860656738e-01
7.792267799377441406e-01
7.647784948348999023e-01
7.930350303649902344e-01
8.007991313934326172e-01
7.843784093856811523e-01
7.771770954132080078e-01
7.798682451248168945e-01
8.044792413711547852e-01
7.687896490097045898e-01
8.115032315254211426e-01
7.879585027694702148e-01
7.758578062057495117e-01
7.773810625076293945e-01
7.871459722518920898e-01
7.687563896179199219e-01
7.794969081878662109e-01
7.790269851684570312e-01
7.818238735198974609e-01
7.967244386672973633e-01
7.879405021667480469e-01
8.042421340942382812e-01
7.863807678222656250e-01
7.788053750991821289e-01
7.794343233108520508e-01
7.832173705101013184e-01
7.870270013809204102e-01
7.711352109909057617e-01
7.653043270111083984e-01
7.783032655715942383e-01
7.893179655075073242e-01
7.975113391876220703e-01
7.836353778839111328e-01
7.906206250190734863e-01
7.833849787712097168e-01
7.909862995147705078e-01
7.976964712142944336e-01
7.670335173606872559e-01
7.916600108146667480e-01
7.905440330505371094e-01
7.915340662002563477e-01
7.983801960945129395e-01
7.740062475204467773e-01
7.661544084548950195e-01
7.594357132911682129e-01
7.821322679519653320e-01
8.018807172775268555e-01
7.780646085739135742e-01
7.690652608871459961e-01
7.849887013435363770e-01
7.692009210586547852e-01
7.528954744338989258e-01
7.912523746490478516e-01
7.825673818588256836e-01
7.750082015991210938e-01
7.853403687477111816e-01
7.793560028076171875e-01
7.921281456947326660e-01
7.986822128295898438e-01
7.749644517898559570e-01
7.839456200599670410e-01
7.856118083000183105e-01
7.649018168449401855e-01
7.852278947830200195e-01
7.915809154510498047e-01
7.761846184730529785e-01
7.794426679611206055e-01
7.742308378219604492e-01
7.724463343620300293e-01
8.050608634948730469e-01
7.900367975234985352e-01
7.916579246520996094e-01
7.704455256462097168e-01
7.672939300537109375e-01
7.631725668907165527e-01
7.932651042938232422e-01
7.619901299476623535e-01
7.634446024894714355e-01
7.850893735885620117e-01
7.694445848464965820e-01
7.964994907379150391e-01
7.722787857055664062e-01
8.028140068054199219e-01
7.918419837951660156e-01
7.721710801124572754e-01
7.758402824401855469e-01
7.773962020874023438e-01
7.808101773262023926e-01
7.860519886016845703e-01
7.932006120681762695e-01
7.836791276931762695e-01
7.893006801605224609e-01
7.800618410110473633e-01
7.898780703544616699e-01
7.788907289505004883e-01
7.759308218955993652e-01
7.841657400131225586e-01
7.933547496795654297e-01
7.902747392654418945e-01
7.791985273361206055e-01
7.779247760772705078e-01
7.606253623962402344e-01
7.931272983551025391e-01
7.855964303016662598e-01
7.841480970382690430e-01
7.803387641906738281e-01
7.848721742630004883e-01
7.938296794891357422e-01
7.759616971015930176e-01
7.707238197326660156e-01
7.994436025619506836e-01
7.739017009735107422e-01
7.851944565773010254e-01
7.938036918640136719e-01
7.992142438888549805e-01
7.938526868820190430e-01
7.913011312484741211e-01
7.840181589126586914e-01
7.906395196914672852e-01
7.775592207908630371e-01
7.727934122085571289e-01
7.746098041534423828e-01
7.831792831420898438e-01
7.976186275482177734e-01
7.843384742736816406e-01
7.849644422531127930e-01
7.925790548324584961e-01
7.710722684860229492e-01
7.913138866424560547e-01
7.809517383575439453e-01
7.874205112457275391e-01
7.884582281112670898e-01
7.930896878242492676e-01
7.642590999603271484e-01
7.763688564300537109e-01
7.902405261993408203e-01
7.773028016090393066e-01
7.694820165634155273e-01
7.976741194725036621e-01
7.800608873367309570e-01
7.750915884971618652e-01
7.885098457336425781e-01
7.964900732040405273e-01
7.994982004165649414e-01
7.741333246231079102e-01
7.819459438323974609e-01
7.914652824401855469e-01
7.855352163314819336e-01
8.028087615966796875e-01
7.942511439323425293e-01
7.832671999931335449e-01
7.773307561874389648e-01
7.847115993499755859e-01
7.765547037124633789e-01
7.844868898391723633e-01
7.649089097976684570e-01
7.831997871398925781e-01
7.777326107025146484e-01
7.944690585136413574e-01
7.860352993011474609e-01
7.825232148170471191e-01
7.665434479713439941e-01
7.940698266029357910e-01
7.781383991241455078e-01
7.926682829856872559e-01
7.708618640899658203e-01
7.693464756011962891e-01
7.924754619598388672e-01
7.727488875389099121e-01
7.804549932479858398e-01
7.782177925109863281e-01
7.729732990264892578e-01
7.863267660140991211e-01
7.662396430969238281e-01
7.883906364440917969e-01
8.010205030441284180e-01
7.749373316764831543e-01
7.612222433090209961e-01
7.786044478416442871e-01
7.936411499977111816e-01
7.716733813285827637e-01
8.041699528694152832e-01
7.893079519271850586e-01
7.873417139053344727e-01
7.818168997764587402e-01
7.872176170349121094e-01
7.966094017028808594e-01
7.771348357200622559e-01
7.696592807769775391e-01
7.754498124122619629e-01
7.823988199234008789e-01
7.888360619544982910e-01
7.891238927841186523e-01
7.763395309448242188e-01
7.899473905563354492e-01
7.975816726684570312e-01
7.835459709167480469e-01
7.772473096847534180e-01
7.757325768470764160e-01
7.877039909362792969e-01
7.944881319999694824e-01
7.908892035484313965e-01
7.666102051734924316e-01
7.794669866561889648e-01
7.778937220573425293e-01
8.117213249206542969e-01
7.625322937965393066e-01
7.828374505043029785e-01
7.671551108360290527e-01
7.710224986076354980e-01
7.952356338500976562e-01
7.828867435455322266e-01
7.749212980270385742e-01
7.621530890464782715e-01
8.024588227272033691e-01
7.720506787300109863e-01
7.971912026405334473e-01
7.814230918884277344e-01
7.759711742401123047e-01
7.893496751785278320e-01
7.729756832122802734e-01
7.815858125686645508e-01
7.823223471641540527e-01
7.777838706970214844e-01
7.985040545463562012e-01
7.800334692001342773e-01
7.807064056396484375e-01
7.906956672668457031e-01
7.515627741813659668e-01
7.916794419288635254e-01
7.915288805961608887e-01
7.779409885406494141e-01
7.817630767822265625e-01
7.901775836944580078e-01
7.792208194732666016e-01
7.993686199188232422e-01
7.857740521430969238e-01
7.878477573394775391e-01
7.868815660476684570e-01
7.897608876228332520e-01
7.996734380722045898e-01
7.836232185363769531e-01
7.817015647888183594e-01
7.920156717300415039e-01
7.664584517478942871e-01
7.797547578811645508e-01
7.865369319915771484e-01
7.820365428924560547e-01
7.846346497535705566e-01
7.806141376495361328e-01
7.832918763160705566e-01
7.928544282913208008e-01
7.579433917999267578e-01
7.999680638313293457e-01
7.960612773895263672e-01
7.970549464225769043e-01
7.734762430191040039e-01
7.820534706115722656e-01
7.747217416763305664e-01
7.947048544883728027e-01
7.853663563728332520e-01
7.881019115447998047e-01
7.721210718154907227e-01
7.641420960426330566e-01
7.852662801742553711e-01
7.919764518737792969e-01
7.888359427452087402e-01
7.874031066894531250e-01
7.857515215873718262e-01
7.787709236145019531e-01
7.890887260437011719e-01
7.867735624313354492e-01
7.951735258102416992e-01
7.876948118209838867e-01
7.896081209182739258e-01
7.656120061874389648e-01
7.792171239852905273e-01
7.709042429924011230e-01
7.799214124679565430e-01
7.759385704994201660e-01
7.677515149116516113e-01
7.941379547119140625e-01
7.704517245292663574e-01
7.665427923202514648e-01
7.803997993469238281e-01
8.006845712661743164e-01
7.699158191680908203e-01
7.507123947143554688e-01
7.899222373962402344e-01
7.879248857498168945e-01
7.796605825424194336e-01
7.950488328933715820e-01
7.722455263137817383e-01
7.794780731201171875e-01
7.849006652832031250e-01
7.944456338882446289e-01
7.830902934074401855e-01
7.908003330230712891e-01
7.737301588058471680e-01
7.802621126174926758e-01
7.929506301879882812e-01
7.793328762054443359e-01
8.077176809310913086e-01
7.643902301788330078e-01
7.630107998847961426e-01
7.752039432525634766e-01
7.742394804954528809e-01
7.693678140640258789e-01
7.789407372474670410e-01
7.973638772964477539e-01
7.969221472740173340e-01
7.821779847145080566e-01
8.060202598571777344e-01
7.906941771507263184e-01
7.910214662551879883e-01
7.636983394622802734e-01
7.806909084320068359e-01
7.926896810531616211e-01
7.779819965362548828e-01
8.051515221595764160e-01
7.980090379714965820e-01
7.672685384750366211e-01
7.852681875228881836e-01
7.765417098999023438e-01
8.002340793609619141e-01
7.722967863082885742e-01
7.810773849487304688e-01
7.884099483489990234e-01
7.954537868499755859e-01
7.790186405181884766e-01
7.833895683288574219e-01
7.864519357681274414e-01
7.771992683410644531e-01
8.156523108482360840e-01
7.717286348342895508e-01
7.957339882850646973e-01
7.701481580734252930e-01
7.713549137115478516e-01
7.774305343627929688e-01
7.917045354843139648e-01
7.874126434326171875e-01
7.701553106307983398e-01
7.748941183090209961e-01
7.815978527069091797e-01
7.826840281486511230e-01
7.768331766128540039e-01
7.657910585403442383e-01
7.783205509185791016e-01
7.747769951820373535e-01
7.897173166275024414e-01
7.979043126106262207e-01
7.780914306640625000e-01
7.593275904655456543e-01
7.793480753898620605e-01
7.919656634330749512e-01
7.729645967483520508e-01
7.893890142440795898e-01
7.754533886909484863e-01
7.826535105705261230e-01
7.819495797157287598e-01
7.831677198410034180e-01
7.924867272377014160e-01
7.859674692153930664e-01
7.712059617042541504e-01
7.932620048522949219e-01
7.565853595733642578e-01
7.700667977333068848e-01
7.735963463783264160e-01
7.782055139541625977e-01
7.910428047180175781e-01
7.993882894515991211e-01
7.692646980285644531e-01
7.780430316925048828e-01
7.915577888488769531e-01
7.818555831909179688e-01
7.875039577484130859e-01
7.850949764251708984e-01
7.692700624465942383e-01
7.957992553710937500e-01
7.752395868301391602e-01
8.031526803970336914e-01
7.703644633293151855e-01
7.792004346847534180e-01
7.810341119766235352e-01
7.699145674705505371e-01
7.635099887847900391e-01
7.785484194755554199e-01
7.776195406913757324e-01
7.742549180984497070e-01
7.882460355758666992e-01
7.736080884933471680e-01
7.904460430145263672e-01
7.678359746932983398e-01
7.850809097290039062e-01
8.091523647308349609e-01
8.030362129211425781e-01
7.736054658889770508e-01
7.874122858047485352e-01
7.950813174247741699e-01
7.727298736572265625e-01
7.890067696571350098e-01
7.817720174789428711e-01
7.901152372360229492e-01
7.870976328849792480e-01
7.679933309555053711e-01
7.812082767486572266e-01
7.790761590003967285e-01
7.943583726882934570e-01
7.731670141220092773e-01
7.770321965217590332e-01
7.785335779190063477e-01
7.909073829650878906e-01
7.905496358871459961e-01
7.845484018325805664e-01
8.056467771530151367e-01
8.135319948196411133e-01
7.843844890594482422e-01
7.838149070739746094e-01
8.050963878631591797e-01
7.842378616333007812e-01
7.690884470939636230e-01
7.730924487113952637e-01
7.819965481758117676e-01
7.738748788833618164e-01
7.619867324829101562e-01
7.836033105850219727e-01
7.909932732582092285e-01
7.953665852546691895e-01
7.705585360527038574e-01
7.824131250381469727e-01
7.802687883377075195e-01
7.848777770996093750e-01
7.955062985420227051e-01
7.755103111267089844e-01
8.048244714736938477e-01
7.777392864227294922e-01
7.894570827484130859e-01
7.958017587661743164e-01
7.840827107429504395e-01
7.987272143363952637e-01
7.791861295700073242e-01
7.886646986007690430e-01
7.881791591644287109e-01
7.868801355361938477e-01
7.874193191528320312e-01
7.737365365028381348e-01
7.747269868850708008e-01
7.557953596115112305e-01
7.775114774703979492e-01
7.890707254409790039e-01
7.897698879241943359e-01
7.932077646255493164e-01
7.997562885284423828e-01
7.750521898269653320e-01
7.808501124382019043e-01
7.882064580917358398e-01
7.881251573562622070e-01
7.877835035324096680e-01
7.784456014633178711e-01
7.832110524177551270e-01
7.898156642913818359e-01
8.049216866493225098e-01
7.915714979171752930e-01
7.957427501678466797e-01
7.804104089736938477e-01
7.874915599822998047e-01
7.789338827133178711e-01
7.862334847450256348e-01
7.861836552619934082e-01
8.068007230758666992e-01
7.921746969223022461e-01
7.851511240005493164e-01
7.981492280960083008e-01
7.918068170547485352e-01
7.781395912170410156e-01
7.989224195480346680e-01
7.832046747207641602e-01
7.698999643325805664e-01
7.862798571586608887e-01
7.939165830612182617e-01
7.775311470031738281e-01
7.952037453651428223e-01
8.124473690986633301e-01
7.819448709487915039e-01
7.692085504531860352e-01
7.825525403022766113e-01
7.755037546157836914e-01
7.876842021942138672e-01
7.875411510467529297e-01
7.661959528923034668e-01
8.038666248321533203e-01
8.010550737380981445e-01
7.958479523658752441e-01
7.950931191444396973e-01
7.938517332077026367e-01
7.711775302886962891e-01
7.963594198226928711e-01
7.793653011322021484e-01
7.963962554931640625e-01
8.028457164764404297e-01
7.543064355850219727e-01
7.920774817466735840e-01
7.760620117187500000e-01
7.713091373443603516e-01
7.833601832389831543e-01
7.893276214599609375e-01
7.657257318496704102e-01
7.966526746749877930e-01
7.811744213104248047e-01
7.997485995292663574e-01
7.754387855529785156e-01
7.786400318145751953e-01
7.831344604492187500e-01
7.747113108634948730e-01
7.904247641563415527e-01
7.633135914802551270e-01
7.921259403228759766e-01
7.811493873596191406e-01
7.847489118576049805e-01
8.011833429336547852e-01
7.915382385253906250e-01
7.470927238464355469e-01
8.041388988494873047e-01
7.754142284393310547e-01
7.772982120513916016e-01
7.885617017745971680e-01
7.687908411026000977e-01
7.892886996269226074e-01
7.769861221313476562e-01
7.763928174972534180e-01
7.880692481994628906e-01
7.953049540519714355e-01
8.046528100967407227e-01
7.905820608139038086e-01
7.750500440597534180e-01
7.854920029640197754e-01
7.765415310859680176e-01
7.581452131271362305e-01
7.604779005050659180e-01
7.749570608139038086e-01
7.818267345428466797e-01
7.866766452789306641e-01
7.752716541290283203e-01
8.036029338836669922e-01
7.934727668762207031e-01
7.779074907302856445e-01
7.905302047729492188e-01
7.839074134826660156e-01
7.843804359436035156e-01
7.638543248176574707e-01
7.823729515075683594e-01
7.771103978157043457e-01
7.857029438018798828e-01
7.711676955223083496e-01
8.010034561157226562e-01
7.930488586425781250e-01
7.754561901092529297e-01
7.577514648437500000e-01
7.754013538360595703e-01
7.686995267868041992e-01
7.872490882873535156e-01
7.692986726760864258e-01
7.967613935470581055e-01
7.709370255470275879e-01
7.919188737869262695e-01
7.714601755142211914e-01
7.838960886001586914e-01
7.970108985900878906e-01
7.716266512870788574e-01
7.854815125465393066e-01
8.105660676956176758e-01
7.734107971191406250e-01
7.698643207550048828e-01
7.789578437805175781e-01
7.792384624481201172e-01
7.917817831039428711e-01
8.040084838867187500e-01
7.777993083000183105e-01
7.970633506774902344e-01
7.765116691589355469e-01
7.669299244880676270e-01
7.827634811401367188e-01
7.736231684684753418e-01
7.877238988876342773e-01
7.986598610877990723e-01
7.637312412261962891e-01
7.885761857032775879e-01
7.962810993194580078e-01
7.819517850875854492e-01
7.840013504028320312e-01
7.768664956092834473e-01
7.734308242797851562e-01
7.788816690444946289e-01
7.853198051452636719e-01
7.917166948318481445e-01
7.859517335891723633e-01
7.899368405342102051e-01
7.894213199615478516e-01
7.914450168609619141e-01
8.019572496414184570e-01
7.885102033615112305e-01
7.809202671051025391e-01
7.804641723632812500e-01
7.938780784606933594e-01
7.710322141647338867e-01
7.776304483413696289e-01
7.974556088447570801e-01
7.829967141151428223e-01
7.645592093467712402e-01
7.975814342498779297e-01
7.914610505104064941e-01
7.848994135856628418e-01
7.793151140213012695e-01
7.952269315719604492e-01
7.880713939666748047e-01
7.747311592102050781e-01
7.968194484710693359e-01
7.907823324203491211e-01
7.824499607086181641e-01
7.644725441932678223e-01
7.828919291496276855e-01
7.896761894226074219e-01
8.145937919616699219e-01
7.793986797332763672e-01
7.677819728851318359e-01
7.803669571876525879e-01
8.024147152900695801e-01
7.786912322044372559e-01
7.933919429779052734e-01
8.039237260818481445e-01
7.793116569519042969e-01
7.954441308975219727e-01
7.953851222991943359e-01
7.661715745925903320e-01
7.917714118957519531e-01
7.911951541900634766e-01
7.861616611480712891e-01
7.830997705459594727e-01
7.780794501304626465e-01
7.969449758529663086e-01
7.948756217956542969e-01
7.921321392059326172e-01
8.002901077270507812e-01
7.956364154815673828e-01
7.902631163597106934e-01
7.969340085983276367e-01
7.777643203735351562e-01
7.832055091857910156e-01
7.925509214401245117e-01
7.814615368843078613e-01
7.880528569221496582e-01
7.840963006019592285e-01
7.948098778724670410e-01
7.808948755264282227e-01
7.838752865791320801e-01
8.087632060050964355e-01
7.773751020431518555e-01
7.798756957054138184e-01
7.860774993896484375e-01
7.874293327331542969e-01
7.844367027282714844e-01
8.021097779273986816e-01
7.934944629669189453e-01
7.859917879104614258e-01
7.857787609100341797e-01
7.700489759445190430e-01
7.742645740509033203e-01
7.760384678840637207e-01
7.671272754669189453e-01
7.760024070739746094e-01
7.895373106002807617e-01
7.787275314331054688e-01
7.803892493247985840e-01
7.919889092445373535e-01
7.838429212570190430e-01
8.019133806228637695e-01
7.834340333938598633e-01
7.723227143287658691e-01
7.974298000335693359e-01
7.854443192481994629e-01
7.816879153251647949e-01
7.826469540596008301e-01
7.810401916503906250e-01
7.858160138130187988e-01
7.765520811080932617e-01
8.034213781356811523e-01
7.750883102416992188e-01
7.708710432052612305e-01
7.863656878471374512e-01
8.010440468788146973e-01
7.872153520584106445e-01
7.884868383407592773e-01
7.973587512969970703e-01
7.825343608856201172e-01
7.806025743484497070e-01
8.021963238716125488e-01
7.953392863273620605e-01
7.805581688880920410e-01
7.908264398574829102e-01
